G	ifd_prop	time_to_IFD	sd_intake	
0	0.9995	7.76173	0.00268622	
10	0.9999	7.20132	0.00288206	
20	0.9998	7.50174	0.00268376	
30	0.9994	8.25279	0.00286565	
40	0.9998	7.84095	0.00286672	
50	0.999	9.21329	0.0026248	
60	0.9994	9.32247	0.00274283	
70	0.9998	8.41103	0.00267961	
80	0.9993	8.68148	0.00286372	
90	0.9998	7.56124	0.00285239	
100	0.9998	8.57262	0.00303156	
110	0.9999	8.02231	0.00286788	
120	1	7.96111	0.00277	
130	0.9994	8.58197	0.00273572	
140	0.9996	7.57203	0.00281358	
150	0.9997	9.28217	0.0028648	
160	0.9991	9.02179	0.00280957	
170	0.9997	8.43179	0.0028338	
180	1	7.872	0.00278726	
190	0.9998	8.46096	0.00267897	
200	0.9997	8.01312	0.00282623	
210	0.9995	9.11152	0.00286581	
220	0.9999	7.53226	0.00293347	
230	0.9996	8.41108	0.00296613	
240	0.9998	8.12156	0.00270008	
250	0.9998	7.98094	0.00278829	
260	0.9993	9.13198	0.00301149	
270	0.9996	8.51172	0.00289372	
280	0.9996	8.64142	0.00261841	
290	0.9998	8.24218	0.00289015	
300	0.9998	7.84244	0.00287688	
310	0.9997	8.40245	0.00270055	
320	0.9999	7.87167	0.00273266	
330	0.9997	7.86164	0.00292412	
340	0.9997	8.00275	0.00284877	
350	0.9992	8.88204	0.00297824	
360	0.9999	7.36189	0.00261929	
370	0.9996	8.25306	0.00300617	
380	0.9995	8.39218	0.00284718	
390	0.9997	8.5317	0.00283914	
400	0.9996	8.31133	0.00295818	
410	0.9996	8.72122	0.00271674	
420	0.9996	9.41155	0.00292714	
430	0.9997	8.77206	0.00279026	
440	0.9996	8.29277	0.00284255	
450	0.9998	7.75131	0.00258308	
460	0.9999	7.29075	0.00291625	
470	0.9999	7.90194	0.00282814	
480	0.9995	9.03143	0.00302306	
490	0.9996	8.74209	0.00284589	
500	0.9999	8.58191	0.00284044	
510	0.9993	8.94139	0.00268797	
520	0.9996	7.77143	0.00295576	
530	0.9998	8.29167	0.00268805	
540	0.9997	7.8317	0.00267312	
550	0.9998	7.88156	0.00289747	
560	0.9998	7.92191	0.00285971	
570	0.9997	8.55054	0.00294032	
580	0.9996	7.92143	0.00287644	
590	0.9998	8.04192	0.00285889	
600	0.9997	8.45089	0.00298808	
610	0.9998	7.19219	0.00294452	
620	0.9996	8.34267	0.00297445	
630	0.9991	9.05106	0.00310262	
640	0.9997	7.57113	0.00275758	
650	0.9993	9.2215	0.00281193	
660	0.9999	8.48154	0.0030049	
670	0.9999	8.48228	0.00275846	
680	0.9999	7.63321	0.00266722	
690	0.9998	8.63223	0.00298533	
700	0.9996	8.65218	0.00255866	
710	0.9999	7.05209	0.0029307	
720	0.9997	8.84168	0.00295582	
730	0.9998	7.86178	0.00299937	
740	0.9998	8.21125	0.00279896	
750	0.9996	7.63249	0.00293372	
760	0.9995	8.83229	0.00268424	
770	0.9999	7.55231	0.00300574	
780	1	7.46187	0.00271791	
790	0.9997	7.69217	0.00305362	
800	0.9996	8.20197	0.00288799	
810	0.9997	7.99131	0.0031114	
820	0.9998	7.85258	0.00280864	
830	0.9996	8.38181	0.00273724	
840	0.9996	8.12207	0.00277483	
850	0.9996	8.03093	0.00291151	
860	0.9995	8.61189	0.0028184	
870	0.9999	7.81263	0.0027851	
880	0.9994	7.82133	0.00285058	
890	0.9999	7.72155	0.00279763	
900	0.9995	8.19165	0.00284677	
910	0.9999	7.85313	0.00289534	
920	0.9999	8.22172	0.00280467	
930	0.9995	8.84192	0.00275738	
940	0.9996	9.15226	0.00277033	
950	1	7.71195	0.00276803	
960	0.9997	7.95295	0.00306715	
970	0.9999	7.62194	0.00271983	
980	0.9995	8.97104	0.00276562	
990	0.9995	8.66252	0.00267469	
1000	0.9994	8.17127	0.00268538	
1010	0.9996	7.81259	0.00290438	
1020	0.9998	8.0121	0.0028683	
1030	0.9998	7.56156	0.00296214	
1040	0.9997	8.56215	0.00286367	
1050	0.9997	8.03162	0.00279208	
1060	0.9998	8.46225	0.00285347	
1070	0.9996	8.15233	0.00285198	
1080	0.9997	8.36161	0.00277359	
1090	0.9998	8.74166	0.00271801	
1100	0.9997	7.81278	0.00305996	
1110	0.9996	8.07155	0.00276463	
1120	0.9996	8.68188	0.00272237	
1130	0.9998	8.36182	0.00249787	
1140	0.9997	8.342	0.00285901	
1150	0.9998	8.3728	0.00298243	
1160	0.9995	8.56119	0.00287981	
1170	0.9997	8.11183	0.00276188	
1180	0.9994	9.28147	0.00286936	
1190	0.9997	7.80134	0.00282496	
1200	0.9998	8.0916	0.00293485	
1210	0.9996	7.97147	0.00295596	
1220	0.9995	8.56181	0.00284253	
1230	0.9993	7.71171	0.00274772	
1240	0.9996	8.81196	0.00280718	
1250	0.9995	8.87196	0.00266956	
1260	0.9996	8.14203	0.00286027	
1270	0.9999	8.12151	0.00297389	
1280	0.9993	9.34167	0.00290423	
1290	0.9997	8.05157	0.00274382	
1300	0.9999	7.6717	0.0027484	
1310	0.9996	8.26188	0.00267106	
1320	0.9995	8.19212	0.00294011	
1330	0.9995	8.92216	0.00274472	
1340	0.9996	8.78281	0.00267417	
1350	0.9997	8.18273	0.00276879	
1360	0.9999	8.29254	0.00275904	
1370	0.9995	8.66196	0.00285953	
1380	0.9996	8.76275	0.00292117	
1390	0.9995	7.72186	0.00311204	
1400	0.9998	7.92183	0.00279574	
1410	0.9996	8.78349	0.00282128	
1420	0.9995	8.76169	0.00278933	
1430	0.9995	8.78257	0.00301839	
1440	0.9998	7.90203	0.00286382	
1450	0.9993	9.39229	0.00282168	
1460	0.9995	8.92076	0.00279863	
1470	0.9996	8.77145	0.00274502	
1480	0.9994	9.26242	0.00297857	
1490	0.9995	8.87282	0.00300133	
1500	0.999	9.48189	0.00275445	
1510	0.9995	8.40314	0.00284358	
1520	0.9996	8.30155	0.0028468	
1530	0.9993	8.67166	0.00294972	
1540	0.9996	9.04336	0.00283633	
1550	0.9991	9.47334	0.00281301	
1560	0.9998	8.43141	0.00278397	
1570	0.9997	8.64164	0.00277855	
1580	0.9992	9.16242	0.002777	
1590	0.9995	8.79204	0.00272586	
1600	0.9992	8.53172	0.00303335	
1610	0.9989	9.38118	0.00304474	
1620	0.9995	8.62173	0.00287919	
1630	0.9999	8.79241	0.0028164	
1640	0.9998	8.74199	0.00273581	
1650	0.9996	9.0013	0.00288206	
1660	0.9994	8.5325	0.00267401	
1670	0.9996	9.03106	0.00283334	
1680	0.9997	8.6918	0.00289419	
1690	0.999	9.33203	0.00292056	
1700	0.9992	9.43165	0.00284801	
1710	0.9995	8.87301	0.00288386	
1720	0.9992	9.50303	0.00290243	
1730	0.999	8.6919	0.00264279	
1740	0.9997	8.56227	0.00308593	
1750	0.9991	9.29207	0.00275842	
1760	0.9991	9.55255	0.00282038	
1770	0.9998	8.61227	0.00285913	
1780	0.9998	8.60163	0.00268285	
1790	0.9995	8.20156	0.003007	
1800	0.9996	8.22242	0.0027883	
1810	0.9996	8.61139	0.00290094	
1820	0.9996	8.15171	0.00266697	
1830	0.9986	9.78202	0.00302047	
1840	0.9996	8.50329	0.00267255	
1850	0.9994	8.61242	0.00283939	
1860	0.9988	9.45236	0.00285575	
1870	0.9997	8.32284	0.00291255	
1880	0.9995	9.12262	0.00288712	
1890	0.9996	8.99115	0.00314553	
1900	0.9996	8.73222	0.0029096	
1910	0.9992	9.2116	0.00287054	
1920	0.9986	9.10119	0.00301499	
1930	0.9997	8.04159	0.00301069	
1940	0.9993	9.25152	0.00277293	
1950	0.9994	8.97308	0.00307921	
1960	0.999	9.42388	0.00286611	
1970	0.9994	9.07343	0.002627	
1980	0.9992	8.68185	0.00281424	
1990	0.9993	8.79196	0.00295507	
2000	0.9995	8.96186	0.00300586	
2010	0.9992	9.64204	0.00283544	
2020	0.9995	8.62204	0.00273972	
2030	0.9991	8.95154	0.00315269	
2040	0.9994	9.5035	0.0028015	
2050	0.9999	8.87175	0.00267619	
2060	0.9994	9.60276	0.00287044	
2070	0.9993	9.32291	0.00289261	
2080	0.9996	9.16298	0.00277445	
2090	0.9995	9.02379	0.00285189	
2100	0.9989	8.83185	0.00287875	
2110	0.9994	9.12227	0.00278857	
2120	0.9991	9.32185	0.00279038	
2130	0.9995	8.97292	0.0029441	
2140	0.999	9.29186	0.00297329	
2150	0.9989	9.22215	0.00285145	
2160	0.9996	8.45196	0.00279143	
2170	0.9993	8.90283	0.00308019	
2180	0.9993	9.24263	0.00275914	
2190	0.9995	8.80264	0.00276296	
2200	0.9995	8.98193	0.00280784	
2210	0.9989	9.14191	0.00289741	
2220	0.9994	8.76242	0.00281402	
2230	0.9994	8.69311	0.00297161	
2240	0.9992	9.60213	0.00288935	
2250	0.9996	8.97162	0.00276487	
2260	0.999	9.35167	0.00316414	
2270	0.9999	8.63136	0.00278887	
2280	0.9989	9.46118	0.00285568	
2290	0.9993	9.15241	0.00282107	
2300	0.9992	9.31133	0.00276268	
2310	0.9994	8.5923	0.00294239	
2320	0.9995	8.98143	0.00300605	
2330	0.9993	8.68312	0.0029318	
2340	0.9989	9.54105	0.00307402	
2350	0.9994	7.93189	0.00281868	
2360	0.9997	8.40322	0.00294854	
2370	0.9992	9.27239	0.00299795	
2380	0.9995	8.9524	0.00300782	
2390	0.9993	9.11211	0.0027902	
2400	0.9992	9.64176	0.00285314	
2410	0.9993	8.9619	0.00278041	
2420	0.9996	8.79338	0.0028701	
2430	0.9996	9.272	0.00257092	
2440	0.9993	8.85205	0.00266992	
2450	0.9989	9.50164	0.00282567	
2460	0.9987	9.67231	0.00300107	
2470	0.9994	9.06223	0.00303329	
2480	0.9992	9.46381	0.00271104	
2490	0.9989	9.08178	0.00282202	
2500	0.9994	9.27291	0.00289231	
2510	0.9994	8.99122	0.0027469	
2520	0.9995	9.13248	0.00292218	
2530	0.9993	9.49202	0.0029883	
2540	0.9987	9.4136	0.00295267	
2550	0.9996	8.58315	0.00297425	
2560	0.9994	8.87125	0.00289516	
2570	0.9991	9.4218	0.00280794	
2580	0.999	9.41294	0.00278436	
2590	0.9989	9.88246	0.0027737	
2600	0.9995	8.432	0.00290011	
2610	0.9984	9.75237	0.00293538	
2620	0.9987	9.03272	0.00284237	
2630	0.9991	9.01132	0.00275903	
2640	0.999	9.00214	0.00288546	
2650	0.9991	8.52277	0.00293934	
2660	0.9987	9.41273	0.00323513	
2670	0.9982	9.29438	0.002824	
2680	0.9991	8.85232	0.0029306	
2690	0.9992	9.222	0.00297329	
2700	0.9987	9.17196	0.00284799	
2710	0.999	9.06296	0.00292296	
2720	0.999	9.39207	0.00314723	
2730	0.9994	8.89168	0.002703	
2740	0.9984	9.82148	0.00275231	
2750	0.9993	9.43265	0.00286465	
2760	0.9987	9.37155	0.00278024	
2770	0.9977	9.77337	0.00312924	
2780	0.9988	9.09193	0.00297839	
2790	0.999	9.6531	0.00286312	
2800	0.9987	9.0432	0.00307189	
2810	0.9984	9.40106	0.00288192	
2820	0.9984	9.66208	0.00268982	
2830	0.999	9.92139	0.00290227	
2840	0.9987	9.32302	0.00284888	
2850	0.9981	9.99176	0.00308499	
2860	0.9991	9.20258	0.00290393	
2870	0.9993	9.45239	0.00292754	
2880	0.9992	9.34208	0.00281869	
2890	0.9986	9.2136	0.00267312	
2900	0.9989	9.71227	0.00296711	
2910	0.9988	8.65132	0.00274163	
2920	0.9984	9.55277	0.00317319	
2930	0.9988	9.76255	0.003017	
2940	0.9991	9.34359	0.00312076	
2950	0.9987	9.74197	0.00287497	
2960	0.9987	9.94297	0.00307516	
2970	0.9981	10.0019	0.00329717	
2980	0.9983	9.78283	0.0032921	
2990	0.9989	9.73165	0.00295835	
3000	0.9983	9.74312	0.00311164	
3010	0.9985	9.80156	0.00314842	
3020	0.9987	9.63269	0.00327868	
3030	0.9984	9.66185	0.00288341	
3040	0.9986	9.79233	0.0030839	
3050	0.9981	9.78254	0.00309858	
3060	0.9985	9.78293	0.00310134	
3070	0.9988	9.3716	0.00301797	
3080	0.9983	9.47346	0.00293848	
3090	0.9988	9.51386	0.00294879	
3100	0.9992	9.27152	0.00278834	
3110	0.9986	9.77114	0.00283195	
3120	0.9981	9.80296	0.00312513	
3130	0.9986	9.70376	0.00300645	
3140	0.9985	9.74239	0.00292474	
3150	0.9978	9.74206	0.00315444	
3160	0.9974	9.57203	0.0030766	
3170	0.9981	9.91178	0.00323363	
3180	0.9974	9.77198	0.00315898	
3190	0.999	9.46219	0.00301033	
3200	0.9985	9.90368	0.00310983	
3210	0.9991	9.04278	0.00293084	
3220	0.9984	9.7828	0.00304913	
3230	0.9987	9.59234	0.00302081	
3240	0.9984	9.59232	0.00281874	
3250	0.9981	9.29177	0.00293603	
3260	0.9995	9.34194	0.00293276	
3270	0.9979	9.63382	0.00299154	
3280	0.9992	8.94114	0.00279929	
3290	0.9988	9.73193	0.00287268	
3300	0.9994	8.97255	0.0026851	
3310	0.9981	10.0016	0.00307904	
3320	0.9997	9.3222	0.00263018	
3330	0.9976	9.7435	0.00297914	
3340	0.9993	9.66319	0.0030047	
3350	0.9977	9.71311	0.00332914	
3360	0.9992	9.70414	0.0030557	
3370	0.9989	9.57313	0.00314922	
3380	0.9988	9.62208	0.00284435	
3390	0.9991	9.26211	0.00310785	
3400	0.9987	9.44281	0.00314509	
3410	0.9987	9.79264	0.00299296	
3420	0.9987	9.62143	0.00297649	
3430	0.9978	9.53203	0.0030766	
3440	0.9988	9.01448	0.00294896	
3450	0.9985	9.57244	0.00292818	
3460	0.998	10.0021	0.00297202	
3470	0.9982	9.62252	0.00295466	
3480	0.9986	9.22529	0.00284423	
3490	0.998	9.68236	0.00301447	
3500	0.9988	9.46334	0.00283768	
3510	0.999	9.22356	0.00287943	
3520	0.9983	9.51171	0.00282493	
3530	0.9985	9.66356	0.00321395	
3540	0.9988	9.33352	0.0026543	
3550	0.9991	9.65274	0.00272	
3560	0.9987	9.93399	0.00298674	
3570	0.9985	9.82303	0.00300325	
3580	0.9993	8.90192	0.00291878	
3590	0.9988	9.56184	0.00307417	
3600	0.9994	8.9218	0.00298739	
3610	0.9988	9.58251	0.00283453	
3620	0.9983	9.95199	0.0029962	
3630	0.9986	10.0019	0.00287958	
3640	0.9984	9.69181	0.00329157	
3650	0.9988	9.40349	0.00310928	
3660	0.9978	9.57178	0.00301656	
3670	0.999	9.43308	0.00289157	
3680	0.9992	9.14125	0.00303801	
3690	0.9979	9.90283	0.00300932	
3700	0.9978	9.97183	0.00298805	
3710	0.9987	9.05325	0.00292024	
3720	0.9991	9.45311	0.00307366	
3730	0.9992	9.2124	0.00279778	
3740	0.9981	9.77217	0.00292654	
3750	0.9987	9.08179	0.00300324	
3760	0.9983	9.43296	0.00304949	
3770	0.9983	9.12181	0.00317377	
3780	0.9994	9.33289	0.00309211	
3790	0.9987	9.28309	0.00307372	
3800	0.9986	9.33237	0.0030004	
3810	0.9983	9.68248	0.00306308	
3820	0.9989	9.65312	0.00305967	
3830	0.9986	9.41314	0.00294998	
3840	0.9992	9.00231	0.00301112	
3850	0.9987	9.60341	0.00295778	
3860	0.9985	9.77222	0.00309167	
3870	0.9986	9.50315	0.00291445	
3880	0.9987	9.66232	0.0031042	
3890	0.9988	9.46218	0.00289903	
3900	0.9978	9.42334	0.00307885	
3910	0.9994	9.46388	0.00289125	
3920	0.9989	8.94221	0.00295865	
3930	0.9987	9.96099	0.00291319	
3940	0.9989	9.44359	0.00271684	
3950	0.9979	9.32177	0.00317637	
3960	0.999	9.55302	0.00293106	
3970	0.9984	9.66174	0.00294736	
3980	0.9988	9.6527	0.00286417	
3990	0.999	9.70203	0.00296861	
4000	0.9989	9.72197	0.00284606	
4010	0.9991	8.91221	0.00281657	
4020	0.9995	9.20275	0.00266517	
4030	0.9985	8.99368	0.00310293	
4040	0.9986	9.99286	0.00304645	
4050	0.9976	9.89216	0.00309768	
4060	0.9982	9.00218	0.00282976	
4070	0.9989	9.63323	0.00294195	
4080	0.9994	9.3727	0.0028109	
4090	0.9987	9.86226	0.00283146	
4100	0.9973	9.8634	0.00308734	
4110	0.9979	9.73319	0.00296894	
4120	0.9983	9.25294	0.00284476	
4130	0.9985	9.71148	0.00294079	
4140	0.9994	9.85151	0.00294063	
4150	0.9991	9.37364	0.00281877	
4160	0.9988	9.93334	0.00288315	
4170	0.9989	9.25267	0.00294264	
4180	0.9991	8.99182	0.0029928	
4190	0.998	9.632	0.00312125	
4200	0.9991	8.66225	0.00300116	
4210	0.9986	8.85238	0.00266132	
4220	0.9989	9.42248	0.00288824	
4230	0.9988	9.32149	0.00269669	
4240	0.9984	9.68238	0.00286348	
4250	0.9984	9.82189	0.00311104	
4260	0.9993	8.82229	0.00292105	
4270	0.9988	9.59287	0.00306516	
4280	0.9983	9.88228	0.00284598	
4290	0.9988	9.17211	0.00304164	
4300	0.9986	9.90204	0.00280807	
4310	0.9987	9.42207	0.00292753	
4320	0.9996	8.65295	0.00271889	
4330	0.9994	8.99385	0.00303654	
4340	0.9991	9.66236	0.00288574	
4350	0.9991	9.0623	0.00310703	
4360	0.9987	9.29154	0.00296058	
4370	0.9986	9.55176	0.0030989	
4380	0.9987	9.50358	0.00267853	
4390	0.9988	9.52345	0.00317273	
4400	0.9987	9.44175	0.00296115	
4410	0.9982	9.84161	0.00277835	
4420	0.9983	9.83303	0.00298905	
4430	0.9994	9.15232	0.0029525	
4440	0.9989	9.18178	0.00289345	
4450	0.9987	9.52206	0.0031003	
4460	0.999	9.55287	0.00267767	
4470	0.9991	9.28222	0.00272085	
4480	0.9987	9.77264	0.00286519	
4490	0.9989	9.52119	0.00283004	
4500	0.9993	9.67194	0.00294988	
4510	0.9987	9.65163	0.00281917	
4520	0.9986	9.76138	0.00303556	
4530	0.9989	9.51416	0.00298267	
4540	0.9991	9.07245	0.00282945	
4550	0.9994	9.36216	0.00285878	
4560	0.9989	9.65206	0.00287701	
4570	0.9987	9.71256	0.00284587	
4580	0.9993	9.28166	0.00287164	
4590	0.999	9.72165	0.00293466	
4600	0.9986	9.50116	0.00314826	
4610	0.9985	9.74291	0.00312591	
4620	0.9991	9.3119	0.0027272	
4630	0.999	9.37431	0.00260816	
4640	0.9986	9.68108	0.00293407	
4650	0.9993	8.84196	0.00281413	
4660	0.9991	9.78384	0.00283126	
4670	0.9995	9.2929	0.00265169	
4680	0.9986	9.3726	0.00295441	
4690	0.999	9.62181	0.00274864	
4700	0.9988	9.72257	0.00288821	
4710	0.9988	9.33371	0.00271403	
4720	0.9984	9.88179	0.00306889	
4730	0.9987	9.69191	0.00311002	
4740	0.9992	9.09282	0.00282357	
4750	0.9989	9.03294	0.00288827	
4760	0.9988	9.38278	0.00316804	
4770	0.9993	9.41264	0.00296233	
4780	0.9987	9.69369	0.0030194	
4790	0.9985	9.47191	0.00311216	
4800	0.9989	9.68332	0.00296769	
4810	0.9982	9.21261	0.00293555	
4820	0.998	9.79243	0.00298197	
4830	0.9988	9.62197	0.00298261	
4840	0.9993	9.20332	0.00304778	
4850	0.9982	9.78416	0.00315509	
4860	0.9988	9.66249	0.00286269	
4870	0.9984	9.73239	0.00272663	
4880	0.9991	9.59248	0.00287867	
4890	0.9986	9.5533	0.00296683	
4900	0.9987	9.84237	0.00315638	
4910	0.999	9.66235	0.00297982	
4920	0.9983	9.51247	0.00305992	
4930	0.9981	9.68147	0.00310034	
4940	0.999	9.29228	0.0028539	
4950	0.9985	9.88188	0.00310163	
4960	0.9983	9.38312	0.00299831	
4970	0.9996	8.87197	0.0029088	
4980	0.9985	9.2922	0.00301986	
4990	0.998	9.72315	0.00297824	
5000	0.9985	9.69316	0.00279522	
5010	0.9984	9.66221	0.00281441	
5020	0.9989	9.60344	0.00283183	
5030	0.9981	10.0025	0.0029722	
5040	0.9989	9.2927	0.00288997	
5050	0.9992	9.0224	0.00279649	
5060	0.9995	9.26256	0.0028551	
5070	0.9994	9.67391	0.00290445	
5080	0.9985	9.86331	0.00294551	
5090	0.9982	9.60158	0.00307038	
5100	0.9982	9.86263	0.00319023	
5110	0.998	9.50247	0.00295836	
5120	0.9989	9.76257	0.00306	
5130	0.9986	9.36221	0.00309239	
5140	0.9988	8.94319	0.00305832	
5150	0.9986	9.66101	0.00288603	
5160	0.9987	9.42396	0.00303217	
5170	0.999	9.22181	0.00278737	
5180	0.9988	9.11112	0.00282282	
5190	0.9984	9.382	0.00302219	
5200	0.9989	9.55252	0.00289101	
5210	0.9994	9.07172	0.002824	
5220	0.9992	9.4924	0.00285654	
5230	0.999	9.24262	0.00291698	
5240	0.9988	9.35215	0.00282057	
5250	0.9986	9.77357	0.00280674	
5260	0.9988	9.69272	0.0028987	
5270	0.998	9.68225	0.00296804	
5280	0.9993	9.27314	0.00278243	
5290	0.999	9.52218	0.00298242	
5300	0.9974	9.91237	0.00326229	
5310	0.9974	10.002	0.00304434	
5320	0.9984	9.75187	0.00294888	
5330	0.9991	9.47257	0.00291633	
5340	0.9975	9.91165	0.00294366	
5350	0.9983	9.3221	0.00312204	
5360	0.9975	10.0019	0.0030982	
5370	0.9987	9.64189	0.00297089	
5380	0.998	9.28468	0.00327285	
5390	0.9985	9.74325	0.00314721	
5400	0.9988	9.60286	0.00317949	
5410	0.9987	9.79466	0.00294451	
5420	0.9978	10.0043	0.00305134	
5430	0.9987	9.22367	0.00300836	
5440	0.9991	9.62173	0.00301211	
5450	0.9984	9.70326	0.00289477	
5460	0.9982	9.88337	0.0030668	
5470	0.9978	9.68315	0.00300309	
5480	0.9979	9.94212	0.00306783	
5490	0.998	9.76331	0.00312483	
5500	0.9983	9.80195	0.00310368	
5510	0.9982	9.48498	0.00283237	
5520	0.9988	9.89292	0.0031523	
5530	0.9984	9.63218	0.00313171	
5540	0.999	9.81268	0.00305087	
5550	0.999	9.66217	0.00276386	
5560	0.9983	9.38201	0.00295379	
5570	0.998	9.83343	0.00286169	
5580	0.9988	9.74148	0.00293009	
5590	0.9984	9.79326	0.00289351	
5600	0.9988	9.82268	0.00296896	
5610	0.9982	9.92445	0.00302631	
5620	0.9975	9.6614	0.0032056	
5630	0.9988	9.7416	0.0029908	
5640	0.9984	9.50149	0.00287977	
5650	0.9977	10.0027	0.003163	
5660	0.998	9.80269	0.00299942	
5670	0.9987	9.47243	0.00282035	
5680	0.9975	9.92385	0.00286701	
5690	0.9983	9.61219	0.00292324	
5700	0.9981	9.73324	0.00274564	
5710	0.9975	9.89388	0.00314163	
5720	0.9978	9.66284	0.00296543	
5730	0.9971	9.87159	0.00318588	
5740	0.9978	9.44325	0.00307046	
5750	0.9981	9.74271	0.0031208	
5760	0.9986	9.74251	0.00299605	
5770	0.9977	10.0043	0.0029959	
5780	0.9984	9.80165	0.00287907	
5790	0.9975	9.32272	0.00310646	
5800	0.9987	9.63191	0.00297599	
5810	0.9982	9.94243	0.00292661	
5820	0.9992	9.26232	0.00296915	
5830	0.9972	9.7716	0.0030664	
5840	0.9983	9.59233	0.00290993	
5850	0.9981	9.7916	0.00305772	
5860	0.9977	9.93461	0.00305082	
5870	0.9982	9.82192	0.0031689	
5880	0.9986	9.49194	0.00297337	
5890	0.9979	9.70303	0.0029492	
5900	0.999	9.53181	0.0028385	
5910	0.9984	9.50191	0.00315575	
5920	0.9985	9.70324	0.00286295	
5930	0.9981	9.45214	0.00301874	
5940	0.999	9.46136	0.0029547	
5950	0.9974	9.75222	0.00306515	
5960	0.9975	9.70267	0.00305653	
5970	0.9983	9.94172	0.00319949	
5980	0.9986	9.08121	0.00324789	
5990	0.9987	9.04288	0.00286901	
6000	0.998	9.93246	0.00298281	
6010	0.9983	9.69263	0.00306902	
6020	0.9979	9.85234	0.00303878	
6030	0.9976	9.9733	0.00297887	
6040	0.9978	10.0031	0.0030443	
6050	0.9981	9.75406	0.00306818	
6060	0.9991	9.56186	0.00305873	
6070	0.9985	9.78285	0.00290097	
6080	0.9974	10.0017	0.00314442	
6090	0.9982	9.93357	0.00311136	
6100	0.9988	9.5227	0.00293235	
6110	0.9983	9.51197	0.00272417	
6120	0.9984	9.10241	0.00306739	
6130	0.9988	9.7818	0.00295929	
6140	0.9986	9.53302	0.00320943	
6150	0.9979	9.76245	0.00311239	
6160	0.9983	9.20328	0.00295114	
6170	0.9979	10.004	0.00303247	
6180	0.9982	8.91294	0.00290672	
6190	0.9986	9.60186	0.00296808	
6200	0.9983	9.59256	0.00288565	
6210	0.998	9.94478	0.00293593	
6220	0.9978	9.99314	0.0027705	
6230	0.9982	9.65504	0.00323267	
6240	0.9976	9.67168	0.00304809	
6250	0.9984	9.80464	0.00301148	
6260	0.9979	9.47236	0.00288692	
6270	0.9981	9.55276	0.00309196	
6280	0.9981	9.80187	0.00311157	
6290	0.9971	9.8923	0.00308595	
6300	0.998	9.33187	0.00286765	
6310	0.9975	9.70318	0.00306983	
6320	0.9976	9.67302	0.00307429	
6330	0.998	9.91255	0.00283789	
6340	0.9983	9.55245	0.00290058	
6350	0.9973	9.94325	0.00305081	
6360	0.997	9.78274	0.00294889	
6370	0.9975	9.64344	0.00299809	
6380	0.9979	9.57325	0.00312616	
6390	0.9983	9.74297	0.003099	
6400	0.9972	9.9819	0.00309099	
6410	0.9984	9.79177	0.00310862	
6420	0.9981	9.72404	0.00284868	
6430	0.9975	9.7926	0.00317737	
6440	0.9982	9.55274	0.00279594	
6450	0.9962	10.0022	0.00342405	
6460	0.9981	9.76418	0.00311041	
6470	0.997	9.80322	0.00317234	
6480	0.9961	9.9135	0.0033108	
6490	0.9972	9.93223	0.00303315	
6500	0.9976	9.79505	0.00309831	
6510	0.9966	9.90329	0.00324596	
6520	0.9975	9.6442	0.00303809	
6530	0.9972	9.86529	0.00311362	
6540	0.9987	9.67348	0.0030104	
6550	0.9981	9.77382	0.00302133	
6560	0.9964	10.0042	0.00311782	
6570	0.9971	9.48216	0.00319076	
6580	0.9972	9.88216	0.0030643	
6590	0.9983	9.94419	0.00273191	
6600	0.9976	9.91192	0.00303736	
6610	0.9974	9.88445	0.00294791	
6620	0.9978	9.76239	0.0030474	
6630	0.9978	9.854	0.00315845	
6640	0.997	9.80277	0.00319031	
6650	0.9959	9.93192	0.00304427	
6660	0.9964	9.96325	0.00318099	
6670	0.9966	9.74195	0.00291173	
6680	0.9962	10.0033	0.00331488	
6690	0.9967	9.94419	0.00326319	
6700	0.9958	10.0023	0.00335713	
6710	0.9964	10.0036	0.00335213	
6720	0.9961	10.0013	0.00312085	
6730	0.9953	10.0043	0.00339702	
6740	0.9963	9.95405	0.00326311	
6750	0.9962	9.82273	0.00325242	
6760	0.9977	9.58287	0.00300105	
6770	0.997	10.0024	0.00303708	
6780	0.9971	9.77364	0.00323183	
6790	0.9972	9.95333	0.00286007	
6800	0.9972	10.0024	0.00311146	
6810	0.9962	10.0022	0.0030439	
6820	0.9973	9.71249	0.00309238	
6830	0.9973	9.80268	0.00345248	
6840	0.9984	9.81345	0.00298877	
6850	0.9977	9.57235	0.00290666	
6860	0.9974	10.0015	0.00355089	
6870	0.9966	9.87202	0.00307824	
6880	0.9977	9.8452	0.00302569	
6890	0.9977	9.85331	0.00293852	
6900	0.9972	9.95248	0.00307704	
6910	0.9983	9.85394	0.00292002	
6920	0.9979	9.65345	0.00301143	
6930	0.9962	10.0021	0.00338557	
6940	0.9961	10.0022	0.00335722	
6950	0.9974	10.006	0.00294051	
6960	0.9929	10.0025	0.00354959	
6970	0.9952	9.81403	0.00345839	
6980	0.9957	9.83314	0.00341016	
6990	0.9979	9.7331	0.00315346	
7000	0.9962	10.0034	0.00329097	
7010	0.9966	9.88385	0.00318069	
7020	0.9962	10.0042	0.00332854	
7030	0.9977	9.88315	0.00319775	
7040	0.9954	10.0019	0.00338868	
7050	0.9966	9.8823	0.00329407	
7060	0.9954	10.0018	0.00331802	
7070	0.9971	9.9749	0.00313174	
7080	0.9945	10.0042	0.00337637	
7090	0.9956	10.0015	0.00355728	
7100	0.9963	10.0027	0.00312342	
7110	0.9966	10.0031	0.0030884	
7120	0.997	10.0016	0.0030358	
7130	0.9962	9.90251	0.00318005	
7140	0.996	9.85408	0.00340993	
7150	0.9925	10.0026	0.00399764	
7160	0.9941	10.003	0.00358024	
7170	0.9948	10.0044	0.00343117	
7180	0.9944	10.0053	0.00312223	
7190	0.9949	10.0025	0.00328434	
7200	0.9947	9.97276	0.00368062	
7210	0.9939	9.94318	0.00331369	
7220	0.9931	10.0068	0.00335081	
7230	0.9933	9.9825	0.00343499	
7240	0.9935	10.0045	0.00359157	
7250	0.9936	10.005	0.00365803	
7260	0.9953	10.0022	0.00346812	
7270	0.9935	10.0027	0.00386095	
7280	0.994	10.0052	0.00348534	
7290	0.9946	10.004	0.00331506	
7300	0.9943	10.0031	0.00333752	
7310	0.9967	9.665	0.00331832	
7320	0.994	10.0021	0.00349027	
7330	0.9946	10.0053	0.00297835	
7340	0.9967	9.89268	0.00321963	
7350	0.9956	9.84569	0.00311776	
7360	0.993	10.0031	0.00345527	
7370	0.9909	10.0042	0.00358177	
7380	0.9925	9.87435	0.00333101	
7390	0.9912	10.0058	0.00372644	
7400	0.993	10.0056	0.00346425	
7410	0.9921	10.0037	0.00356311	
7420	0.9898	10.0053	0.00397196	
7430	0.9946	9.78539	0.00357125	
7440	0.9917	10.0058	0.00370594	
7450	0.9936	10.0031	0.00322501	
7460	0.9945	10.0044	0.00331237	
7470	0.9943	9.91315	0.00357602	
7480	0.9897	10.0022	0.00355116	
7490	0.9933	10.0054	0.00356057	
7500	0.9916	10.0036	0.00364583	
7510	0.9918	10.0026	0.00374723	
7520	0.992	10.0033	0.00352439	
7530	0.9948	9.99252	0.00330462	
7540	0.9936	10.0037	0.003751	
7550	0.9918	9.86149	0.00352503	
7560	0.9958	9.88379	0.00325477	
7570	0.9939	10.0065	0.00361452	
7580	0.9923	10.0044	0.00360992	
7590	0.994	10.0028	0.0035462	
7600	0.9916	10.0037	0.00369126	
7610	0.992	9.79501	0.00361572	
7620	0.9898	10.0045	0.00409274	
7630	0.9927	10.0034	0.00370613	
7640	0.993	9.91426	0.0035495	
7650	0.9945	10.0024	0.00316833	
7660	0.9935	9.84282	0.00359051	
7670	0.9923	10.0053	0.00376313	
7680	0.994	10.0035	0.0034443	
7690	0.9918	10.0036	0.00360473	
7700	0.9928	10.0028	0.00357592	
7710	0.9917	10.0039	0.00363868	
7720	0.9932	10.0042	0.00349476	
7730	0.9915	10.0047	0.00391094	
7740	0.993	10.0036	0.00353924	
7750	0.9921	10.0039	0.00372174	
7760	0.991	10.005	0.00397183	
7770	0.9902	10.0066	0.0035959	
7780	0.9929	10.0029	0.00347881	
7790	0.9897	10.0035	0.0040131	
7800	0.9935	10.0019	0.00347968	
7810	0.9901	10.0029	0.00387026	
7820	0.9918	10.0021	0.00378579	
7830	0.994	10.0052	0.00344161	
7840	0.9926	9.99227	0.00366858	
7850	0.9934	9.93504	0.0034557	
7860	0.9938	10.0023	0.00353524	
7870	0.9911	10.0044	0.00418214	
7880	0.9899	10.007	0.00389571	
7890	0.9921	10.0034	0.00377057	
7900	0.9917	10.0028	0.00398636	
7910	0.9915	10.0037	0.00342587	
7920	0.9927	10.0051	0.00355813	
7930	0.9888	10.0031	0.00380689	
7940	0.9893	10.0036	0.00382562	
7950	0.99	10.0033	0.00387924	
7960	0.9896	10.0044	0.00405089	
7970	0.9905	10.0041	0.00400405	
7980	0.9923	10.0029	0.0034312	
7990	0.9944	10.0042	0.00338066	
8000	0.988	10.0043	0.0040596	
8010	0.9879	10.0038	0.0039164	
8020	0.9934	10.004	0.004031	
8030	0.9937	10.0033	0.00350795	
8040	0.9926	10.0055	0.0034956	
8050	0.9935	10.008	0.00384464	
8060	0.9947	10.0031	0.00326154	
8070	0.9928	10.0033	0.00363165	
8080	0.9931	10.0061	0.00356371	
8090	0.993	10.004	0.00359618	
8100	0.9935	10.0025	0.00343925	
8110	0.9926	10.0048	0.00386026	
8120	0.9931	10.0048	0.0036331	
8130	0.9939	10.0027	0.00349322	
8140	0.994	9.96248	0.0037468	
8150	0.9948	10.0044	0.00322289	
8160	0.9941	9.96428	0.00352087	
8170	0.9932	10.0025	0.00352404	
8180	0.9934	10.0054	0.00378832	
8190	0.9939	10.0025	0.00370525	
8200	0.9924	10.0048	0.00342224	
8210	0.9912	10.0056	0.00412858	
8220	0.9919	9.88314	0.00386503	
8230	0.9923	10.0029	0.0033051	
8240	0.9954	10.0038	0.00331557	
8250	0.9932	10.0044	0.00348398	
8260	0.9932	10.0035	0.00368579	
8270	0.9951	10.004	0.00333897	
8280	0.9932	9.75242	0.00332151	
8290	0.9898	10.0056	0.00392689	
8300	0.9913	10.0038	0.00370955	
8310	0.9926	10.0037	0.0035269	
8320	0.9943	10.0044	0.00353194	
8330	0.993	10.0041	0.00376254	
8340	0.9952	10.003	0.00323322	
8350	0.9941	10.0086	0.00343368	
8360	0.9953	9.75339	0.00336064	
8370	0.9919	10.0015	0.00350074	
8380	0.9929	10.0039	0.00346296	
8390	0.9929	9.77336	0.00376319	
8400	0.9927	10.0061	0.00334004	
8410	0.9927	9.95397	0.00366206	
8420	0.9937	9.86371	0.00347666	
8430	0.9948	10.0031	0.00360192	
8440	0.9928	10.0038	0.00369917	
8450	0.993	10.0032	0.00360164	
8460	0.9923	10.0041	0.00386679	
8470	0.9948	9.71509	0.00333927	
8480	0.9964	10.0037	0.00319932	
8490	0.9963	9.9636	0.00301136	
8500	0.9953	10.0037	0.0036561	
8510	0.9934	10.0027	0.00366469	
8520	0.9941	10.005	0.0034564	
8530	0.9959	9.6134	0.00347476	
8540	0.9949	10.0032	0.00351619	
8550	0.9948	10.0023	0.00335315	
8560	0.9964	9.99162	0.00310617	
8570	0.9949	10.0053	0.00360866	
8580	0.9969	9.55175	0.00311764	
8590	0.9967	9.95269	0.00318206	
8600	0.9965	9.90446	0.00313624	
8610	0.9959	9.86389	0.00315469	
8620	0.9961	9.93232	0.00318078	
8630	0.9953	9.8329	0.00331416	
8640	0.9958	9.77261	0.00355728	
8650	0.9954	9.95326	0.00351627	
8660	0.9949	10.0037	0.00338806	
8670	0.997	10.0044	0.0032201	
8680	0.9966	9.80282	0.00328539	
8690	0.9963	10.0026	0.00314123	
8700	0.9955	9.84379	0.00323212	
8710	0.9942	9.74355	0.0033632	
8720	0.9973	9.91425	0.00307709	
8730	0.995	10.0031	0.00364552	
8740	0.9965	9.84285	0.00329513	
8750	0.9968	9.81413	0.00326256	
8760	0.9965	9.95467	0.00295523	
8770	0.9961	9.79272	0.00346065	
8780	0.9959	10.0028	0.00330953	
8790	0.9973	10.0033	0.00301103	
8800	0.9963	10.0022	0.00328824	
8810	0.9963	9.77339	0.00312553	
8820	0.9975	9.72434	0.00318629	
8830	0.9971	9.84262	0.00327904	
8840	0.997	9.65362	0.00326883	
8850	0.9966	10.0043	0.00352685	
8860	0.9953	10.0046	0.00334108	
8870	0.9982	9.92522	0.00312533	
8880	0.9974	9.72399	0.00289905	
8890	0.9965	9.86319	0.00299286	
8900	0.9959	10.0024	0.00326267	
8910	0.9966	9.97299	0.00356462	
8920	0.9973	9.51182	0.00326779	
8930	0.9969	10.0031	0.00326804	
8940	0.997	9.98389	0.00296881	
8950	0.9968	9.60337	0.00310083	
8960	0.9965	9.77497	0.00319989	
8970	0.9962	10.0022	0.00316496	
8980	0.9969	9.84341	0.00312452	
8990	0.9975	9.92364	0.00320382	
9000	0.9964	9.89302	0.00328957	
9010	0.9959	10.0042	0.00298909	
9020	0.9972	10.0021	0.00328022	
9030	0.996	10.0025	0.00320786	
9040	0.9976	9.74154	0.00295435	
9050	0.9965	10.0031	0.00314203	
9060	0.9977	9.81223	0.00320869	
9070	0.9959	10.0028	0.00317059	
9080	0.997	9.71348	0.00326791	
9090	0.9967	10.0041	0.00294681	
9100	0.9965	9.80254	0.00317481	
9110	0.9958	9.85383	0.00333447	
9120	0.9967	9.99273	0.0031231	
9130	0.9945	10.005	0.00343398	
9140	0.9961	9.82259	0.0029602	
9150	0.9954	9.8733	0.00310353	
9160	0.9969	9.7347	0.00323533	
9170	0.9963	9.84156	0.00324126	
9180	0.9974	9.60361	0.0031447	
9190	0.9972	9.88277	0.00305265	
9200	0.9954	10.0034	0.00326535	
9210	0.9957	10.0034	0.00331575	
9220	0.9957	9.89375	0.00332679	
9230	0.9958	9.95224	0.00337342	
9240	0.9964	10.0017	0.00282422	
9250	0.9951	10.0022	0.003331	
9260	0.9927	10.0041	0.00365232	
9270	0.9954	9.94347	0.00344676	
9280	0.9967	9.97194	0.00335419	
9290	0.9951	10.0045	0.00354351	
9300	0.9969	9.93403	0.00317579	
9310	0.9957	9.93299	0.00342007	
9320	0.9979	9.85417	0.0030102	
9330	0.9953	9.91308	0.00348788	
9340	0.997	9.73421	0.00313447	
9350	0.9962	9.92271	0.00329323	
9360	0.9969	9.96563	0.00308705	
9370	0.9961	9.85327	0.00322782	
9380	0.9963	10.003	0.00320504	
9390	0.9956	9.76399	0.00323225	
9400	0.9975	9.85308	0.00326596	
9410	0.9963	10.0039	0.00324757	
9420	0.9955	9.64211	0.00337904	
9430	0.9955	9.97202	0.00329518	
9440	0.9961	9.56389	0.00337582	
9450	0.9964	10.0033	0.00314858	
9460	0.9945	10.0023	0.00335137	
9470	0.9928	10.0033	0.00360406	
9480	0.9955	9.94505	0.00328607	
9490	0.9967	9.73339	0.00312002	
9500	0.9954	9.80424	0.00311078	
9510	0.9961	9.9916	0.00302098	
9520	0.9968	9.88284	0.0032977	
9530	0.9969	10.0027	0.00329516	
9540	0.9966	9.98303	0.00338305	
9550	0.9961	10.0014	0.00307979	
9560	0.9966	9.85377	0.00305852	
9570	0.9965	10.0019	0.00313579	
9580	0.9957	9.86469	0.00324169	
9590	0.9975	9.84253	0.00335304	
9600	0.996	10.0035	0.00330909	
9610	0.997	10.0018	0.00317832	
9620	0.9971	10.005	0.00333178	
9630	0.9988	9.57399	0.00284739	
9640	0.997	9.87223	0.00312994	
9650	0.9971	9.80397	0.00320165	
9660	0.9952	9.9919	0.00359464	
9670	0.9971	10.0026	0.00324659	
9680	0.9966	9.96489	0.00312201	
9690	0.9961	9.85498	0.00310314	
9700	0.9961	10.005	0.00336802	
9710	0.9967	10.0037	0.00355992	
9720	0.9967	9.81664	0.0033253	
9730	0.9973	10.0039	0.00320013	
9740	0.9971	10.0034	0.00328472	
9750	0.996	9.76566	0.00301394	
9760	0.9963	9.7423	0.00325757	
9770	0.9972	10.0031	0.00340254	
9780	0.9972	9.78203	0.00320399	
9790	0.9975	9.74362	0.00336999	
9800	0.9979	10.004	0.00312791	
9810	0.9971	9.86354	0.00335471	
9820	0.9969	9.8636	0.00304137	
9830	0.9972	9.7225	0.00314707	
9840	0.9979	9.54193	0.0031256	
9850	0.9977	9.91319	0.00312532	
9860	0.9977	9.83233	0.00291266	
9870	0.997	9.77216	0.00347988	
9880	0.9983	9.59261	0.00289153	
9890	0.9983	9.30289	0.00291494	
9900	0.9976	10.0018	0.00299673	
9910	0.9976	9.95307	0.00337158	
9920	0.997	10.0023	0.00291972	
9930	0.9968	10.0011	0.00312606	
9940	0.9978	9.74208	0.00294521	
9950	0.998	9.73167	0.00316982	
9960	0.9973	9.79281	0.00313585	
9970	0.9981	9.90257	0.00287629	
9980	0.997	9.90245	0.00316052	
9990	0.9976	9.38484	0.0029219	
