G	ifd_prop	time_to_IFD	sd_intake	
0	0.99991	9.15023	4.70052e-05	
10	0.99995	8.31014	4.98867e-05	
20	0.99993	8.40024	5.35216e-05	
30	0.99994	8.22015	4.20625e-05	
40	0.9999	8.49022	5.9588e-05	
50	0.99985	8.70021	4.81775e-05	
60	0.99989	8.50013	4.00257e-05	
70	0.99989	8.21013	5.46353e-05	
80	0.99997	8.5002	4.22745e-05	
90	0.99998	7.75008	4.00263e-05	
100	0.99998	7.91029	4.06734e-05	
110	0.99996	8.35024	4.40922e-05	
120	0.99986	8.83014	5.28876e-05	
130	0.99994	8.59019	4.90891e-05	
140	0.99983	8.94024	4.79763e-05	
150	1	7.37017	3.99051e-05	
160	0.99988	8.21014	5.16601e-05	
170	0.99988	8.54013	5.26948e-05	
180	0.99993	8.27017	4.71438e-05	
190	0.99995	8.83019	3.89123e-05	
200	0.99992	8.72039	4.5014e-05	
210	0.99991	8.63017	4.81747e-05	
220	0.99998	7.75022	4.29633e-05	
230	0.99998	7.6601	4.13895e-05	
240	0.99995	8.60028	4.72421e-05	
250	0.99992	9.04019	4.76991e-05	
260	0.99986	9.12013	5.01766e-05	
270	0.99987	8.88017	5.09245e-05	
280	0.99984	8.83023	6.09665e-05	
290	0.99996	8.15028	4.34242e-05	
300	0.99994	8.36025	4.42052e-05	
310	0.99996	8.80026	4.22402e-05	
320	0.99995	8.37016	4.07747e-05	
330	0.99997	8.30026	4.15607e-05	
340	0.99997	7.72018	4.42848e-05	
350	0.99995	8.43014	4.40356e-05	
360	1	8.3403	4.05894e-05	
370	0.99991	8.04017	4.59775e-05	
380	0.99995	8.04035	4.47746e-05	
390	0.99983	9.30017	4.71499e-05	
400	0.99999	8.61017	4.50714e-05	
410	0.99993	8.83021	4.85697e-05	
420	0.99987	8.47013	4.88556e-05	
430	0.99992	8.18021	4.64268e-05	
440	0.9999	9.38015	5.00701e-05	
450	0.99998	7.98017	3.88225e-05	
460	0.99992	8.35025	4.43381e-05	
470	0.99997	8.37027	4.05674e-05	
480	0.99994	7.6602	3.7721e-05	
490	0.9999	8.96016	4.68314e-05	
500	0.99986	8.65027	5.15983e-05	
510	0.99993	8.48014	4.24639e-05	
520	0.99985	9.32023	5.43481e-05	
530	0.99972	9.83015	6.23385e-05	
540	0.99977	9.07029	5.90118e-05	
550	0.9998	9.37023	5.19667e-05	
560	0.99985	8.6105	4.46515e-05	
570	0.99993	8.33011	4.81363e-05	
580	0.99982	9.0502	4.16961e-05	
590	0.99992	9.00027	4.67822e-05	
600	0.99989	8.9402	4.50986e-05	
610	0.99981	9.70024	5.0521e-05	
620	0.9999	8.61024	4.24036e-05	
630	0.99991	9.27018	3.94295e-05	
640	0.99987	9.33018	5.02554e-05	
650	0.99991	8.19017	4.54601e-05	
660	0.99976	9.57021	5.30959e-05	
670	0.99964	9.70028	5.98296e-05	
680	0.99988	8.8703	5.07414e-05	
690	0.99981	8.70035	4.80262e-05	
700	0.9998	9.42017	4.64331e-05	
710	0.99979	8.82012	6.03472e-05	
720	0.99976	9.40036	4.64187e-05	
730	0.99987	8.97027	4.41691e-05	
740	0.9997	8.89028	5.38185e-05	
750	0.99973	9.09028	4.40392e-05	
760	0.99981	9.46026	4.19815e-05	
770	0.99978	9.49026	4.57532e-05	
780	0.99961	9.93013	6.1486e-05	
790	0.99976	9.79019	6.17299e-05	
800	0.99952	9.56028	7.85616e-05	
810	0.99971	9.34037	5.94607e-05	
820	0.99977	8.94039	5.09653e-05	
830	0.99965	9.38033	5.91628e-05	
840	0.99967	9.93033	6.44101e-05	
850	0.99984	8.79034	4.8787e-05	
860	0.99963	9.11037	5.73411e-05	
870	0.99958	9.70027	6.12671e-05	
880	0.99973	9.26025	5.36367e-05	
890	0.99973	9.45016	5.69461e-05	
900	0.99937	9.66028	7.83499e-05	
910	0.99972	9.19019	5.98757e-05	
920	0.99953	9.62028	6.98358e-05	
930	0.99953	9.75028	8.04989e-05	
940	0.99992	9.14038	4.51486e-05	
950	0.99951	9.71024	4.9429e-05	
960	0.99975	9.31019	6.17901e-05	
970	0.9997	9.55042	4.6517e-05	
980	0.99969	9.14017	6.20643e-05	
990	0.99934	10.0003	7.0054e-05	
1000	0.99959	9.61027	6.16204e-05	
1010	0.99948	9.2104	6.37687e-05	
1020	0.99971	9.46023	5.1224e-05	
1030	0.99965	9.60037	6.68611e-05	
1040	0.99902	10.0003	9.409e-05	
1050	0.99918	9.52031	7.7797e-05	
1060	0.99976	9.51008	5.46712e-05	
1070	0.99944	9.76018	5.06213e-05	
1080	0.99959	9.74025	6.76658e-05	
1090	0.99946	10.0003	6.43446e-05	
1100	0.99921	9.85019	7.93414e-05	
1110	0.99899	9.71014	9.99308e-05	
1120	0.99954	9.4703	6.85575e-05	
1130	0.99951	9.37036	6.22099e-05	
1140	0.99942	9.9203	7.02257e-05	
1150	0.99896	9.89039	7.78618e-05	
1160	0.9994	9.9503	8.27029e-05	
1170	0.99904	9.85031	7.10095e-05	
1180	0.99904	9.68011	5.52998e-05	
1190	0.99887	9.84037	8.50911e-05	
1200	0.99895	9.98048	8.89178e-05	
1210	0.99877	10.0003	0.000119814	
1220	0.99923	9.44028	6.76593e-05	
1230	0.9988	9.79054	0.000100983	
1240	0.99896	10.0005	9.43041e-05	
1250	0.99919	9.76042	8.46136e-05	
1260	0.99888	9.87028	9.46404e-05	
1270	0.99858	9.74028	0.000103864	
1280	0.99889	9.98029	9.01292e-05	
1290	0.99885	10.0004	7.91325e-05	
1300	0.99863	10.0002	0.000106263	
1310	0.9986	10.0004	8.78361e-05	
1320	0.99839	10.0006	9.97294e-05	
1330	0.99899	9.92035	9.54671e-05	
1340	0.99819	10.0006	0.000125395	
1350	0.99853	9.94027	8.63944e-05	
1360	0.99902	9.97035	7.72869e-05	
1370	0.99828	9.92036	0.00010638	
1380	0.99829	9.96039	0.000100086	
1390	0.99862	9.83023	9.23751e-05	
1400	0.99853	9.95036	8.98021e-05	
1410	0.99805	9.94054	0.000123998	
1420	0.9987	9.89019	0.000112182	
1430	0.99862	9.79029	0.000100507	
1440	0.99814	9.85052	0.000136489	
1450	0.99859	9.77045	9.1192e-05	
1460	0.99898	9.62019	7.74034e-05	
1470	0.99835	10.0004	0.0001045	
1480	0.99802	9.89042	0.000117761	
1490	0.99758	10.0005	0.000134401	
1500	0.99867	9.81028	9.16651e-05	
1510	0.99743	9.99032	0.00010735	
1520	0.99688	10.0004	0.000138978	
1530	0.99702	10.0002	0.00014238	
1540	0.9978	10.0005	0.00013164	
1550	0.99742	10.0005	0.000149358	
1560	0.99815	9.8504	0.000107025	
1570	0.99658	10.0005	0.000163341	
1580	0.9964	10.0003	0.000136396	
1590	0.99764	9.72037	0.000133826	
1600	0.99778	10.0004	0.000129876	
1610	0.99808	9.82032	0.000110776	
1620	0.99702	10.0004	0.000152986	
1630	0.99575	10.0003	0.000184374	
1640	0.99582	10.0003	0.000164735	
1650	0.99619	10.0004	0.000171668	
1660	0.99641	10.0002	0.000159495	
1670	0.99592	9.87024	0.000182516	
1680	0.99608	10.0003	0.000152047	
1690	0.99579	10.0003	0.000190778	
1700	0.99388	10.0004	0.000236201	
1710	0.99445	10.0004	0.000201808	
1720	0.99494	10.0004	0.000196719	
1730	0.99594	10.0003	0.000193526	
1740	0.9956	10.0002	0.000227057	
1750	0.99465	10.0004	0.000201123	
1760	0.99406	10.0005	0.000188783	
1770	0.99371	10.0003	0.000216207	
1780	0.99531	10.0006	0.000222131	
1790	0.99373	10.0003	0.000219259	
1800	0.99305	10.0005	0.000235029	
1810	0.99359	10.0003	0.000228606	
1820	0.99479	10.0005	0.000183055	
1830	0.99412	10.0004	0.00022808	
1840	0.99354	10.0005	0.000236405	
1850	0.99372	10.0004	0.000202146	
1860	0.99193	10.0005	0.000273529	
1870	0.99347	10.0003	0.000224862	
1880	0.9936	10.0008	0.000227866	
1890	0.99113	10.0003	0.000249742	
1900	0.99129	10.0007	0.000264651	
1910	0.99133	10.0003	0.000241804	
1920	0.9907	10.0003	0.000259333	
1930	0.99008	10.0003	0.000269077	
1940	0.99123	10.0003	0.000247505	
1950	0.99135	10.0003	0.000271055	
1960	0.98885	10.0003	0.000267807	
1970	0.98843	10.0005	0.000302519	
1980	0.98669	10.0004	0.000305507	
1990	0.98962	10.0005	0.000286291	
2000	0.98778	10.0004	0.000313618	
2010	0.98866	10.0005	0.000275756	
2020	0.98521	10.0006	0.000351523	
2030	0.98507	10.0002	0.000337825	
2040	0.98597	10.0004	0.000312482	
2050	0.98801	10.0006	0.000321207	
2060	0.98094	10.0007	0.000400281	
2070	0.98733	10.0004	0.000342199	
2080	0.98583	10.0002	0.000311543	
2090	0.98899	10.0003	0.000274556	
2100	0.98419	10.0008	0.000347241	
2110	0.98677	10.0007	0.000313689	
2120	0.98332	10.0009	0.0003674	
2130	0.98529	10.0005	0.000337211	
2140	0.98206	10.001	0.000388524	
2150	0.97854	10.0004	0.000447739	
2160	0.97952	10.0003	0.000407953	
2170	0.97818	10.0004	0.000437	
2180	0.97699	10.0006	0.000435924	
2190	0.98057	10.0004	0.000391277	
2200	0.97886	10.0005	0.000395376	
2210	0.97568	10.0007	0.000438989	
2220	0.9777	10.0006	0.000418845	
2230	0.97602	10.0006	0.000445033	
2240	0.97235	10.0004	0.000507468	
2250	0.97108	10.0004	0.000499409	
2260	0.97732	10.0009	0.000433679	
2270	0.97529	10.0008	0.000437934	
2280	0.97639	10.0007	0.000453959	
2290	0.9737	10.0005	0.000454919	
2300	0.96785	10.0006	0.000497461	
2310	0.96939	10.0008	0.000512666	
2320	0.96845	10.0005	0.000502461	
2330	0.97007	10.0009	0.000509917	
2340	0.96871	10.0003	0.000459359	
2350	0.96946	10.0008	0.000496351	
2360	0.97083	10.0008	0.000484137	
2370	0.96883	10.0004	0.000467217	
2380	0.96591	10.0008	0.000511092	
2390	0.96986	10.0005	0.000521343	
2400	0.96105	10.0007	0.000573141	
2410	0.95855	10.0009	0.000627095	
2420	0.95805	10.0004	0.000570795	
2430	0.96339	10.0007	0.000583623	
2440	0.95363	10.0007	0.000598031	
2450	0.94985	10.0007	0.000632609	
2460	0.95683	10.0005	0.000556987	
2470	0.95497	10.0008	0.000534749	
2480	0.95575	10.0007	0.000627668	
2490	0.95749	10.0005	0.00056547	
2500	0.94956	10.0007	0.000651753	
2510	0.94578	10.0009	0.000598405	
2520	0.95391	10.0006	0.000666935	
2530	0.95056	10.0009	0.000644152	
2540	0.95874	10.0012	0.000573861	
2550	0.94918	10.0005	0.0006514	
2560	0.94572	10.0006	0.000590864	
2570	0.94123	10.0007	0.000675305	
2580	0.94223	10.0014	0.00067025	
2590	0.93899	10.001	0.000787438	
2600	0.94398	10.0008	0.000646053	
2610	0.94148	10.0006	0.000729626	
2620	0.94269	10.0006	0.000701774	
2630	0.94164	10.0012	0.000709787	
2640	0.93498	10.0007	0.000701361	
2650	0.94153	10.0012	0.000704799	
2660	0.94634	10.001	0.000685215	
2670	0.93633	10.0006	0.000756737	
2680	0.93551	10.001	0.000704646	
2690	0.93192	10.0009	0.000746129	
2700	0.92518	10.001	0.000752116	
2710	0.93669	10.0008	0.000719182	
2720	0.93229	10.0007	0.000819477	
2730	0.93403	10.0012	0.000755331	
2740	0.92495	10.0012	0.000832647	
2750	0.92051	10.0012	0.00080067	
2760	0.92767	10.0008	0.000733867	
2770	0.92946	10.0009	0.00074826	
2780	0.92212	10.0016	0.000787069	
2790	0.91881	10.0013	0.000849575	
2800	0.91739	10.0007	0.000866295	
2810	0.9199	10.0009	0.000808892	
2820	0.91655	10.0014	0.000825278	
2830	0.93134	10.0007	0.000834975	
2840	0.91146	10.0008	0.000867173	
2850	0.9161	10.0015	0.000805138	
2860	0.92111	10.0016	0.00079007	
2870	0.90843	10.001	0.000858964	
2880	0.91026	10.0011	0.000858231	
2890	0.90696	10.0013	0.000901769	
2900	0.92145	10.0011	0.000786436	
2910	0.91464	10.0012	0.000860259	
2920	0.90684	10.0009	0.000867559	
2930	0.9044	10.0016	0.0008719	
2940	0.90925	10.0005	0.000895386	
2950	0.91297	10.001	0.00086977	
2960	0.90793	10.0011	0.000874877	
2970	0.91686	10.0011	0.000826841	
2980	0.91759	10.0008	0.000793796	
2990	0.91155	10.0009	0.000875791	
3000	0.9054	10.0008	0.000866786	
3010	0.90081	10.0008	0.00089609	
3020	0.892	10.0018	0.00092056	
3030	0.88534	10.001	0.000958064	
3040	0.889	10.0009	0.000952009	
3050	0.90526	10.0011	0.000882742	
3060	0.88346	10.0009	0.000984917	
3070	0.8875	10.0007	0.00102679	
3080	0.8951	10.0009	0.000954049	
3090	0.90442	10.0007	0.000950564	
3100	0.89801	10.0005	0.000942893	
3110	0.90733	10.0009	0.000915459	
3120	0.89742	10.0008	0.00090731	
3130	0.907	10.0007	0.00089344	
3140	0.88918	10.0013	0.000993289	
3150	0.90796	10.0006	0.000887447	
3160	0.89958	10.0008	0.000928692	
3170	0.90098	10.0007	0.000915556	
3180	0.88842	10.0007	0.000948576	
3190	0.89478	10.0006	0.000917116	
3200	0.89832	10.0009	0.000924589	
3210	0.89143	10.0004	0.000934345	
3220	0.90445	10.0007	0.000903072	
3230	0.88269	10.0007	0.00100668	
3240	0.87068	10.0011	0.00109354	
3250	0.87973	10.0008	0.000961071	
3260	0.89821	10.0005	0.000927641	
3270	0.89756	10.0008	0.000929874	
3280	0.88617	10.0006	0.000958822	
3290	0.90454	10.0009	0.000900231	
3300	0.90177	10.0005	0.000942284	
3310	0.90192	10.0006	0.000919562	
3320	0.90645	10.0004	0.000919368	
3330	0.91167	10.0008	0.000885786	
3340	0.89759	10.0009	0.000952693	
3350	0.89311	10.0006	0.000903324	
3360	0.89811	10.0008	0.000899079	
3370	0.89119	10.001	0.000992972	
3380	0.88566	10.0013	0.000968963	
3390	0.89516	10.0008	0.000993035	
3400	0.89537	10.0011	0.000882842	
3410	0.88093	10.0007	0.00100194	
3420	0.87189	10.0011	0.00109157	
3430	0.88148	10.0009	0.000991473	
3440	0.87876	10.0007	0.00100995	
3450	0.90593	10.0006	0.00101213	
3460	0.88047	10.0007	0.00100989	
3470	0.88682	10.0011	0.00101794	
3480	0.88112	10.0009	0.000965347	
3490	0.89841	10.0006	0.000912532	
3500	0.89434	10.001	0.000913926	
3510	0.89651	10.001	0.000890751	
3520	0.89442	10.0007	0.000933957	
3530	0.91315	10.0007	0.00091621	
3540	0.90722	10.0006	0.000886218	
3550	0.9001	10.0006	0.000937237	
3560	0.89059	10.0009	0.000932691	
3570	0.89362	10.0005	0.000922901	
3580	0.89692	10.0009	0.000952004	
3590	0.89643	10.0006	0.000909519	
3600	0.89838	10.0005	0.000998246	
3610	0.91046	10.0006	0.000848219	
3620	0.90807	10.0008	0.000880372	
3630	0.91176	10.0006	0.000860801	
3640	0.91481	10.0008	0.000884788	
3650	0.91108	10.0004	0.000875074	
3660	0.88688	10.0012	0.000938568	
3670	0.90049	10.0008	0.000958515	
3680	0.89573	10.0007	0.00098649	
3690	0.89708	10.0009	0.000963701	
3700	0.90294	10.0007	0.000906036	
3710	0.90349	10.0011	0.000882405	
3720	0.9067	10.0009	0.000862057	
3730	0.90962	10.0007	0.000859658	
3740	0.89452	10.0006	0.000971325	
3750	0.90057	10.0006	0.000937769	
3760	0.90124	10.0007	0.00090827	
3770	0.88151	10.0004	0.000974196	
3780	0.88528	10.0006	0.000991426	
3790	0.88501	10.0009	0.00101182	
3800	0.89076	10.001	0.000982439	
3810	0.87678	10.0006	0.00101722	
3820	0.8836	10.0009	0.000935168	
3830	0.89893	10.0008	0.000925636	
3840	0.89876	10.0006	0.000888413	
3850	0.89832	10.0007	0.000859743	
3860	0.89386	10.0006	0.000967609	
3870	0.90104	10.0005	0.000922442	
3880	0.89638	10.0004	0.000944594	
3890	0.91042	10.0004	0.00091527	
3900	0.89203	10.0009	0.000918043	
3910	0.90381	10.0004	0.000869508	
3920	0.89633	10.0006	0.000994445	
3930	0.89512	10.0009	0.000889163	
3940	0.88658	10.0008	0.00103399	
3950	0.89471	10.0006	0.000939101	
3960	0.88603	10.0014	0.00102603	
3970	0.89877	10.0011	0.000866786	
3980	0.90298	10.0006	0.000940533	
3990	0.90755	10.0007	0.000863135	
4000	0.89672	10.001	0.000934132	
4010	0.89427	10.0012	0.00092202	
4020	0.89437	10.0006	0.000963638	
4030	0.89568	10.0012	0.000936712	
4040	0.89695	10.0007	0.000963496	
4050	0.90066	10.0009	0.000912207	
4060	0.89819	10.0005	0.000908321	
4070	0.8974	10.0006	0.000830436	
4080	0.91614	10.0007	0.000816854	
4090	0.91086	10.0006	0.000844193	
4100	0.90233	10.0005	0.000879859	
4110	0.90202	10.0005	0.000919911	
4120	0.90137	10.0005	0.000923647	
4130	0.89882	10.0005	0.000958999	
4140	0.9106	10.0005	0.000882638	
4150	0.90306	10.0008	0.000959728	
4160	0.89001	10.001	0.000931692	
4170	0.89557	10.0006	0.000867469	
4180	0.90605	10.0007	0.000892786	
4190	0.90602	10.0005	0.000903632	
4200	0.89946	10.0007	0.000903406	
4210	0.90076	10.0005	0.000870807	
4220	0.90789	10.0007	0.000861783	
4230	0.89765	10.0009	0.000929556	
4240	0.8959	10.0005	0.000927961	
4250	0.89259	10.001	0.000911357	
4260	0.89406	10.0006	0.000975906	
4270	0.89928	10.0008	0.000953465	
4280	0.89531	10.0014	0.000921972	
4290	0.90396	10.0008	0.000982503	
4300	0.9081	10.0008	0.000857261	
4310	0.9022	10.001	0.000931365	
4320	0.9014	10.0007	0.000911965	
4330	0.89957	10.0004	0.000917892	
4340	0.90331	10.0007	0.000936155	
4350	0.90029	10.0005	0.000891679	
4360	0.9037	10.0014	0.000923924	
4370	0.90589	10.0008	0.000909999	
4380	0.90567	10.0006	0.000876614	
4390	0.89018	10.0009	0.000968922	
4400	0.89834	10.0006	0.00092213	
4410	0.89879	10.0012	0.000905925	
4420	0.88543	10.0009	0.00100617	
4430	0.89008	10.0012	0.000995907	
4440	0.89189	10.0004	0.000981985	
4450	0.89532	10.0008	0.000995855	
4460	0.88983	10.0012	0.000931408	
4470	0.88773	10.0004	0.000920958	
4480	0.90008	10.0007	0.000881539	
4490	0.90615	10.0007	0.000906591	
4500	0.88636	10.0006	0.000997434	
4510	0.88375	10.0008	0.00101615	
4520	0.89101	10.0006	0.000929325	
4530	0.8925	10.0005	0.000979034	
4540	0.90725	10.0007	0.000908362	
4550	0.89529	10.0004	0.000948829	
4560	0.89489	10.0004	0.000902955	
4570	0.89739	10.0006	0.000949289	
4580	0.8937	10.0006	0.000945348	
4590	0.90528	10.0013	0.000866963	
4600	0.89526	10.0009	0.000990147	
4610	0.90483	10.0008	0.000907258	
4620	0.88577	10.001	0.000977268	
4630	0.9011	10.0007	0.000975112	
4640	0.89823	10.0008	0.00093536	
4650	0.89533	10.0003	0.000939351	
4660	0.90012	10.0006	0.000908699	
4670	0.90553	10.0006	0.000862488	
4680	0.90516	10.0005	0.000858456	
4690	0.89544	10.0013	0.000935129	
4700	0.9047	10.0005	0.000901675	
4710	0.90248	10.0008	0.000837336	
4720	0.89782	10.0013	0.0009791	
4730	0.89301	10.0003	0.000937208	
4740	0.88956	10.0007	0.00102861	
4750	0.88897	10.0006	0.000991791	
4760	0.88784	10.0005	0.00096367	
4770	0.89114	10.0009	0.000999334	
4780	0.8963	10.0011	0.000947374	
4790	0.90107	10.0008	0.000903453	
4800	0.90031	10.0007	0.000851853	
4810	0.89471	10.0006	0.000975577	
4820	0.90257	10.0006	0.000922763	
4830	0.89253	10.0007	0.000948537	
4840	0.91113	10.0006	0.000818714	
4850	0.89923	10.0007	0.00084847	
4860	0.89713	10.0006	0.000893689	
4870	0.89387	10.0008	0.000946256	
4880	0.89426	10.0005	0.000955289	
4890	0.90526	10.0005	0.000903723	
4900	0.8939	10.001	0.000908899	
4910	0.88297	10.0005	0.000966134	
4920	0.89375	10.0006	0.000971766	
4930	0.89688	10.0009	0.000952826	
4940	0.90222	10.0004	0.000921484	
4950	0.90734	10.0009	0.000930493	
4960	0.89475	10.0007	0.000917595	
4970	0.89038	10.0007	0.00098197	
4980	0.89483	10.0005	0.000973883	
4990	0.8904	10.0005	0.000943818	
5000	0.9084	10.0008	0.000883684	
5010	0.90015	10.0008	0.000908978	
5020	0.8984	10.0005	0.000913047	
5030	0.89765	10.0011	0.000919581	
5040	0.88649	10.001	0.000952788	
5050	0.89214	10.0005	0.000953272	
5060	0.88888	10.0006	0.000945822	
5070	0.89332	10.0007	0.00096858	
5080	0.89045	10.0009	0.000983545	
5090	0.9051	10.0005	0.000913973	
5100	0.90284	10.0005	0.000863912	
5110	0.89063	10.0009	0.000898253	
5120	0.90328	10.0005	0.000964376	
5130	0.88861	10.0005	0.000910728	
5140	0.91045	10.0006	0.000916033	
5150	0.8939	10.0008	0.000944704	
5160	0.89908	10.0005	0.000944772	
5170	0.8933	10.0008	0.000931198	
5180	0.90118	10.0003	0.000962761	
5190	0.90568	10.0009	0.000926635	
5200	0.90386	10.0008	0.000875012	
5210	0.91513	10.0006	0.00087257	
5220	0.90629	10.0007	0.000934754	
5230	0.91245	10.0003	0.000878418	
5240	0.91188	10.0006	0.000904465	
5250	0.90414	10.0006	0.000907125	
5260	0.91398	10.0007	0.000836375	
5270	0.91072	10.0003	0.000869312	
5280	0.90871	10.0005	0.00087551	
5290	0.90685	10.0009	0.000856432	
5300	0.90637	10.0006	0.000907256	
5310	0.9005	10.0005	0.000916333	
5320	0.918	10.0004	0.0008002	
5330	0.9085	10.0006	0.000887771	
5340	0.90013	10.0007	0.000936701	
5350	0.90569	10.0004	0.000886637	
5360	0.90877	10.0006	0.000892181	
5370	0.91139	10.0005	0.000866486	
5380	0.91689	10.0007	0.000812136	
5390	0.89461	10.0004	0.000892396	
5400	0.90879	10.0005	0.00085455	
5410	0.89804	10.001	0.00095597	
5420	0.90907	10.0011	0.000939306	
5430	0.8956	10.0006	0.000963238	
5440	0.90484	10.0005	0.000884154	
5450	0.89726	10.0004	0.000953906	
5460	0.91015	10.0005	0.000947765	
5470	0.90817	10.0007	0.000865917	
5480	0.90731	10.0005	0.000886865	
5490	0.89662	10.0008	0.000920744	
5500	0.89315	10.0005	0.000915082	
5510	0.88672	10.0007	0.000945239	
5520	0.88603	10.0006	0.00105107	
5530	0.8892	10.0007	0.000995515	
5540	0.88534	10.0007	0.000965869	
5550	0.8936	10.0006	0.000986016	
5560	0.89712	10.0006	0.000978822	
5570	0.8806	10.0003	0.00099059	
5580	0.88226	10.0006	0.000933787	
5590	0.8966	10.0005	0.00097339	
5600	0.8965	10.0008	0.000950598	
5610	0.90757	10.0008	0.000878519	
5620	0.90768	10.001	0.000938608	
5630	0.92283	10.0006	0.000799783	
5640	0.9138	10.0008	0.000850498	
5650	0.89532	10.0004	0.000944341	
5660	0.89942	10.001	0.000942993	
5670	0.90264	10.0008	0.000921523	
5680	0.89442	10.0008	0.000935381	
5690	0.90828	10.0005	0.000871508	
5700	0.91634	10.0006	0.000912459	
5710	0.90552	10.0005	0.000903168	
5720	0.89837	10.0007	0.000923812	
5730	0.90151	10.0011	0.000951871	
5740	0.89356	10.0009	0.000955837	
5750	0.8974	10.0002	0.000930507	
5760	0.90108	10.0006	0.000938412	
5770	0.89908	10.0011	0.000938406	
5780	0.90639	10.0009	0.000888396	
5790	0.90993	10.0004	0.000832293	
5800	0.89975	10.0008	0.000900187	
5810	0.89194	10.0008	0.000877334	
5820	0.91687	10.0008	0.000837049	
5830	0.91111	10.0005	0.00087865	
5840	0.91265	10.0009	0.000882808	
5850	0.90293	10.0004	0.00088112	
5860	0.89081	10.0007	0.000955906	
5870	0.90285	10.0007	0.000905065	
5880	0.89249	10.0003	0.000958103	
5890	0.88305	10.0005	0.000997135	
5900	0.88579	10.0009	0.000979616	
5910	0.8907	10.0008	0.00100659	
5920	0.89178	10.0006	0.000945308	
5930	0.90585	10.0008	0.00089722	
5940	0.88464	10.0008	0.000994539	
5950	0.90449	10.0006	0.000935395	
5960	0.91088	10.0006	0.000892592	
5970	0.89347	10.0003	0.0009005	
5980	0.90273	10.0002	0.000878557	
5990	0.9076	10.0008	0.000862063	
6000	0.89895	10.0007	0.000902367	
6010	0.90026	10.0008	0.000949274	
6020	0.90773	10.0007	0.000918065	
6030	0.89877	10.0008	0.000880437	
6040	0.89828	10.0008	0.000971999	
6050	0.9013	10.0004	0.000903504	
6060	0.89415	10.0006	0.000952244	
6070	0.90481	10.0009	0.000857322	
6080	0.90084	10.0005	0.000928697	
6090	0.89275	10.0006	0.00100672	
6100	0.89923	10.0007	0.000899102	
6110	0.8935	10.001	0.000886526	
6120	0.90292	10.0006	0.000889717	
6130	0.90096	10.0007	0.000900806	
6140	0.91392	10.0009	0.000841239	
6150	0.90499	10.0005	0.000870782	
6160	0.91659	10.0009	0.000811758	
6170	0.90735	10.0004	0.000784991	
6180	0.89407	10.0006	0.00100342	
6190	0.90299	10.0006	0.000881561	
6200	0.90451	10.0006	0.000955101	
6210	0.89328	10.0011	0.000981919	
6220	0.90605	10.0007	0.000936093	
6230	0.90364	10.0011	0.000825599	
6240	0.90398	10.0006	0.00090531	
6250	0.89652	10.0007	0.000899872	
6260	0.89558	10.0008	0.000951438	
6270	0.90302	10.001	0.000916681	
6280	0.89272	10.0006	0.000969668	
6290	0.88331	10.0008	0.00093904	
6300	0.88816	10.0007	0.000983396	
6310	0.90635	10.0005	0.000953536	
6320	0.90723	10.0004	0.000944426	
6330	0.89659	10.0008	0.000877554	
6340	0.89977	10.0005	0.000888608	
6350	0.90849	10.0004	0.000920126	
6360	0.89106	10.0007	0.000935747	
6370	0.90118	10.0008	0.000906176	
6380	0.897	10.0009	0.000939524	
6390	0.90326	10.0007	0.000930776	
6400	0.90675	10.001	0.000920847	
6410	0.89408	10.001	0.000975489	
6420	0.89465	10.0003	0.000938425	
6430	0.89804	10.0009	0.000938858	
6440	0.90758	10.0009	0.000904133	
6450	0.90776	10.0008	0.000855184	
6460	0.90313	10.001	0.00091709	
6470	0.90649	10.0005	0.000918271	
6480	0.90531	10.0006	0.000865741	
6490	0.90967	10.0005	0.000891523	
6500	0.88576	10.0006	0.000961921	
6510	0.89577	10.0005	0.000963713	
6520	0.89371	10.0008	0.000966729	
6530	0.88276	10.0006	0.000952654	
6540	0.89078	10.0006	0.00098846	
6550	0.90023	10.0006	0.00095489	
6560	0.89254	10.0007	0.000946722	
6570	0.89512	10.0006	0.000941103	
6580	0.89705	10.0005	0.000963662	
6590	0.88212	10.001	0.00100857	
6600	0.89543	10.0005	0.000921096	
6610	0.88887	10.0006	0.000967176	
6620	0.88733	10.0006	0.000970717	
6630	0.89392	10.001	0.000903629	
6640	0.89584	10.0006	0.000914621	
6650	0.90103	10.0005	0.000956489	
6660	0.89895	10.0007	0.000966151	
6670	0.8867	10.0008	0.00101562	
6680	0.9042	10.0005	0.000947977	
6690	0.89752	10.0004	0.000967191	
6700	0.8874	10.0008	0.000976221	
6710	0.90343	10.0007	0.000879366	
6720	0.89412	10.0006	0.00091721	
6730	0.89961	10.001	0.000906833	
6740	0.90334	10.0005	0.000874088	
6750	0.89671	10.0005	0.00091238	
6760	0.90087	10.0007	0.000954679	
6770	0.88031	10.0007	0.0010264	
6780	0.89278	10.0008	0.000899132	
6790	0.89532	10.0008	0.000922655	
6800	0.91001	10.0009	0.0008748	
6810	0.90027	10.0007	0.00096414	
6820	0.89332	10.0006	0.000980291	
6830	0.89194	10.0004	0.000907077	
6840	0.90117	10.0005	0.000947409	
6850	0.90009	10.0006	0.00093858	
6860	0.89869	10.0006	0.000909983	
6870	0.88205	10.0009	0.0010366	
6880	0.90117	10.0006	0.000915933	
6890	0.91025	10.0009	0.000864105	
6900	0.89405	10.0009	0.00097476	
6910	0.9047	10.0009	0.000949456	
6920	0.8921	10.0004	0.000902599	
6930	0.8883	10.0009	0.000993036	
6940	0.89953	10.001	0.000927546	
6950	0.90716	10.0005	0.000890847	
6960	0.89791	10.0007	0.000960779	
6970	0.90396	10.0006	0.000882413	
6980	0.91503	10.0004	0.00083726	
6990	0.90537	10.0008	0.000845317	
7000	0.90026	10.0007	0.000920497	
7010	0.90211	10.0006	0.000913297	
7020	0.90462	10.0011	0.000901565	
7030	0.90371	10.0004	0.000879149	
7040	0.89914	10.0004	0.000909359	
7050	0.90067	10.0006	0.000873931	
7060	0.91109	10.0006	0.000812624	
7070	0.90417	10.0007	0.000961657	
7080	0.89143	10.0014	0.000952106	
7090	0.9077	10.0006	0.000904651	
7100	0.90865	10.0006	0.000883872	
7110	0.91888	10.0006	0.000869294	
7120	0.90842	10.0007	0.000865086	
7130	0.88561	10.0004	0.000957808	
7140	0.90359	10.0005	0.000902502	
7150	0.90371	10.0004	0.000933272	
7160	0.90745	10.0007	0.000863691	
7170	0.90229	10.0004	0.000931826	
7180	0.91461	10.0006	0.000868961	
7190	0.90385	10.0009	0.000903701	
7200	0.9084	10.0011	0.000814149	
7210	0.90112	10.0005	0.000928265	
7220	0.90529	10.001	0.000882573	
7230	0.90106	10.001	0.000908117	
7240	0.89714	10.0006	0.000921922	
7250	0.89827	10.0009	0.000937932	
7260	0.89564	10.0011	0.000972818	
7270	0.91189	10.0006	0.000846616	
7280	0.89615	10.0007	0.000935182	
7290	0.89233	10.0005	0.00089525	
7300	0.89623	10.0005	0.000909684	
7310	0.89834	10.0006	0.000919868	
7320	0.90792	10.0011	0.000859315	
7330	0.90572	10.0007	0.000945882	
7340	0.89819	10.0006	0.000913449	
7350	0.89888	10.0009	0.000930094	
7360	0.90888	10.0004	0.000879684	
7370	0.90081	10.0009	0.000884818	
7380	0.9013	10.0009	0.000881578	
7390	0.89434	10.0004	0.000921413	
7400	0.89639	10.0011	0.000947755	
7410	0.90092	10.0007	0.000901322	
7420	0.89336	10.0006	0.000960388	
7430	0.89989	10.0012	0.000915923	
7440	0.90226	10.0011	0.000830894	
7450	0.90116	10.0003	0.000928614	
7460	0.89619	10.0008	0.000980347	
7470	0.89986	10.0012	0.000903942	
7480	0.8969	10.0008	0.000945773	
7490	0.88575	10.0008	0.000975751	
7500	0.88508	10.0007	0.000955761	
7510	0.88524	10.0011	0.000932404	
7520	0.88378	10.0009	0.000995611	
7530	0.90367	10.0004	0.00095276	
7540	0.90438	10.0004	0.000871977	
7550	0.90856	10.0003	0.000885792	
7560	0.91206	10.0012	0.00086654	
7570	0.9038	10.0004	0.000877396	
7580	0.9046	10.0012	0.000881821	
7590	0.9004	10.0005	0.000957714	
7600	0.9088	10.0011	0.000908982	
7610	0.92243	10.001	0.000847217	
7620	0.90825	10.0011	0.000849231	
7630	0.89377	10.0005	0.000964546	
7640	0.88573	10.0003	0.000970447	
7650	0.88989	10.0009	0.00099062	
7660	0.8901	10.0004	0.000905362	
7670	0.89979	10.0008	0.000910501	
7680	0.89326	10.0005	0.000973763	
7690	0.89668	10.0005	0.000898602	
7700	0.89542	10.001	0.000949675	
7710	0.89837	10.001	0.000892484	
7720	0.89948	10.001	0.000935187	
7730	0.90187	10.0006	0.000887029	
7740	0.90432	10.0009	0.000891554	
7750	0.8888	10.0005	0.000936838	
7760	0.90678	10.0004	0.00086781	
7770	0.91354	10.0007	0.000827782	
7780	0.89817	10.0006	0.000929656	
7790	0.91479	10.0007	0.000889275	
7800	0.9045	10.0007	0.000961716	
7810	0.90636	10.0004	0.000875069	
7820	0.9093	10.0008	0.000901395	
7830	0.92148	10.0005	0.000817798	
7840	0.91326	10.0004	0.000852847	
7850	0.90242	10.001	0.000863721	
7860	0.91248	10.0011	0.00080063	
7870	0.89663	10.0005	0.000875794	
7880	0.91147	10.0007	0.00085631	
7890	0.91631	10.0005	0.000801016	
7900	0.92055	10.001	0.000829833	
7910	0.90558	10.0008	0.000910752	
7920	0.91224	10.001	0.000886005	
7930	0.89806	10.0007	0.000929067	
7940	0.90387	10.0009	0.000894433	
7950	0.90029	10.0007	0.000951466	
7960	0.90099	10.0006	0.000971197	
7970	0.88972	10.0006	0.00104145	
7980	0.91322	10.0007	0.00088966	
7990	0.90637	10.0003	0.000869688	
8000	0.90339	10.0006	0.000889446	
8010	0.91362	10.0005	0.00084766	
8020	0.90127	10.0009	0.000870997	
8030	0.90437	10.0006	0.000929231	
8040	0.90961	10.0006	0.000836638	
8050	0.89429	10.0004	0.000955511	
8060	0.89592	10.0005	0.000930116	
8070	0.88947	10.0008	0.000955362	
8080	0.8841	10.0009	0.00092803	
8090	0.90633	10.0005	0.000930842	
8100	0.90613	10.0006	0.000906428	
8110	0.90161	10.0008	0.000904237	
8120	0.9089	10.0005	0.000938866	
8130	0.89766	10.0009	0.000959568	
8140	0.88813	10.001	0.000978108	
8150	0.90447	10.0005	0.000973466	
8160	0.90528	10.0006	0.000940625	
8170	0.90502	10.0008	0.000909662	
8180	0.8892	10.0005	0.000949008	
8190	0.89778	10.0007	0.000869258	
8200	0.89312	10.0005	0.000931109	
8210	0.90166	10.0004	0.000883832	
8220	0.90198	10.0005	0.000924215	
8230	0.90199	10.0014	0.000957674	
8240	0.88767	10.0009	0.00095731	
8250	0.91385	10.0009	0.000845529	
8260	0.92369	10.001	0.000817436	
8270	0.90844	10.001	0.000849855	
8280	0.90145	10.0005	0.000896314	
8290	0.90488	10.0006	0.000947265	
8300	0.91344	10.0004	0.000893572	
8310	0.90867	10.0005	0.000862805	
8320	0.9122	10.0006	0.000809187	
8330	0.90612	10.0008	0.000864665	
8340	0.90889	10.0004	0.000916447	
8350	0.91332	10.0006	0.000814305	
8360	0.90986	10.0009	0.00091352	
8370	0.90675	10.0008	0.000910818	
8380	0.91073	10.0005	0.000895695	
8390	0.89855	10.0006	0.000945795	
8400	0.91786	10.0006	0.000814244	
8410	0.90382	10.0006	0.000862805	
8420	0.92215	10.0007	0.00082219	
8430	0.90861	10.0006	0.000913701	
8440	0.90825	10.0007	0.000905126	
8450	0.89695	10.0008	0.000868053	
8460	0.91353	10.0012	0.000898291	
8470	0.90538	10.0008	0.000862382	
8480	0.91179	10.0004	0.000882672	
8490	0.89318	10.0004	0.000934574	
8500	0.90067	10.0006	0.000850699	
8510	0.90281	10.0007	0.000881256	
8520	0.88643	10.0008	0.000976612	
8530	0.87896	10.0007	0.000988904	
8540	0.88913	10.0005	0.00100704	
8550	0.89814	10.0008	0.000984838	
8560	0.89785	10.0008	0.000899362	
8570	0.89654	10.0009	0.000942408	
8580	0.90418	10.0003	0.000952109	
8590	0.8979	10.0006	0.000893664	
8600	0.90208	10.0004	0.000882294	
8610	0.90256	10.0004	0.000868704	
8620	0.90231	10.0006	0.000875182	
8630	0.91258	10.0006	0.000870768	
8640	0.90899	10.0004	0.000895741	
8650	0.89741	10.0009	0.000909305	
8660	0.89564	10.0007	0.000892717	
8670	0.9058	10.001	0.00087068	
8680	0.90586	10.0008	0.000875389	
8690	0.89916	10.0006	0.000891124	
8700	0.90324	10.0011	0.000888943	
8710	0.89857	10.0004	0.000913833	
8720	0.88894	10.0009	0.000930149	
8730	0.88826	10.0006	0.000917577	
8740	0.90846	10.0006	0.000816253	
8750	0.89004	10.0006	0.000945896	
8760	0.89647	10.0005	0.000887645	
8770	0.89021	10.0005	0.000948751	
8780	0.88588	10.0013	0.000954848	
8790	0.8827	10.0012	0.000934295	
8800	0.89379	10.0006	0.000934883	
8810	0.88745	10.0004	0.00102052	
8820	0.89157	10.0004	0.000955903	
8830	0.90653	10.0005	0.000860009	
8840	0.90814	10.0009	0.000950908	
8850	0.91181	10.0004	0.000831081	
8860	0.90716	10.0006	0.000872703	
8870	0.90116	10.0005	0.000900563	
8880	0.9067	10.0006	0.000874268	
8890	0.90379	10.0007	0.000878771	
8900	0.8889	10.0008	0.000964496	
8910	0.89751	10.001	0.000881027	
8920	0.91167	10.0008	0.000904145	
8930	0.8932	10.0006	0.000920492	
8940	0.90642	10.0005	0.000900757	
8950	0.89857	10.0008	0.000907588	
8960	0.90976	10.0006	0.000900387	
8970	0.887	10.0004	0.000934264	
8980	0.90371	10.0006	0.000911143	
8990	0.90252	10.0007	0.000913062	
9000	0.89989	10.0005	0.000930518	
9010	0.90267	10.0005	0.000897224	
9020	0.89815	10.0006	0.000900588	
9030	0.91134	10.0005	0.000897926	
9040	0.9051	10.0006	0.000864216	
9050	0.89559	10.0006	0.000941388	
9060	0.90567	10.0004	0.00095613	
9070	0.91205	10.0005	0.000886994	
9080	0.91067	10.0006	0.000846913	
9090	0.91268	10.0007	0.000912702	
9100	0.917	10.0005	0.000851943	
9110	0.90428	10.0009	0.000902486	
9120	0.89548	10.001	0.000962599	
9130	0.91301	10.0008	0.000875604	
9140	0.90773	10.0006	0.000866703	
9150	0.89656	10.0007	0.00095691	
9160	0.90135	10.0003	0.000931761	
9170	0.89717	10.0006	0.000971352	
9180	0.89961	10.0004	0.00093539	
9190	0.90756	10.0005	0.000867202	
9200	0.91261	10.0007	0.000838644	
9210	0.91178	10.0006	0.000837869	
9220	0.90288	10.0011	0.000894799	
9230	0.88849	10.0008	0.000978353	
9240	0.89284	10.0004	0.000906658	
9250	0.91399	10.0002	0.000824324	
9260	0.92303	10.0008	0.000806559	
9270	0.90764	10.0005	0.000875277	
9280	0.90165	10.0008	0.00092321	
9290	0.90447	10.0006	0.000903471	
9300	0.90911	10.0007	0.00086622	
9310	0.89837	10.0008	0.000932259	
9320	0.9041	10.0004	0.000917734	
9330	0.90878	10.0008	0.000824727	
9340	0.89673	10.0008	0.000890205	
9350	0.89249	10.0004	0.000920103	
9360	0.90108	10.0007	0.000929228	
9370	0.90487	10.0008	0.000915883	
9380	0.91334	10.0007	0.000831201	
9390	0.89502	10.0005	0.000892828	
9400	0.90408	10.0007	0.000938234	
9410	0.89822	10.0006	0.000949936	
9420	0.88566	10.0007	0.000928932	
9430	0.88669	10.0006	0.000939338	
9440	0.89555	10.0008	0.000961087	
9450	0.91219	10.0004	0.000813727	
9460	0.90612	10.0006	0.000823701	
9470	0.91848	10.0008	0.000806007	
9480	0.90486	10.0008	0.000904479	
9490	0.91596	10.0004	0.000890715	
9500	0.91199	10.0003	0.000856442	
9510	0.91459	10.0009	0.000844802	
9520	0.9103	10.0005	0.000806234	
9530	0.90173	10.0008	0.000901675	
9540	0.90459	10.0005	0.00092369	
9550	0.89707	10.0006	0.000929313	
9560	0.89387	10.0006	0.000923932	
9570	0.8961	10.0006	0.000987388	
9580	0.89086	10.0006	0.000958973	
9590	0.88648	10.0005	0.000964648	
9600	0.89537	10.0004	0.000921403	
9610	0.87867	10.0009	0.000978009	
9620	0.9018	10.0005	0.000883634	
9630	0.8937	10.0007	0.000975593	
9640	0.89863	10.0004	0.000870884	
9650	0.89895	10.0008	0.000969947	
9660	0.88908	10.0008	0.000959457	
9670	0.89452	10.0008	0.000954516	
9680	0.88627	10.0003	0.000988298	
9690	0.8959	10.0006	0.000951869	
9700	0.90191	10.0007	0.000854596	
9710	0.90236	10.0005	0.000906896	
9720	0.91732	10.0006	0.000814437	
9730	0.91116	10.0011	0.000882312	
9740	0.8989	10.0007	0.000904813	
9750	0.88265	10.0007	0.000939602	
9760	0.89205	10.0009	0.000966352	
9770	0.8869	10.0011	0.00100259	
9780	0.89133	10.0003	0.0010239	
9790	0.8859	10.0009	0.000951149	
9800	0.89751	10.0005	0.000965325	
9810	0.90358	10.0003	0.000899115	
9820	0.90738	10.0004	0.000878169	
9830	0.91027	10.0009	0.000849896	
9840	0.904	10.0006	0.00084118	
9850	0.89219	10.001	0.000996782	
9860	0.8924	10.001	0.000891478	
9870	0.88093	10.0009	0.000948847	
9880	0.88356	10.0007	0.000946734	
9890	0.89938	10.0005	0.000935794	
9900	0.8897	10.0006	0.000944541	
9910	0.89182	10.0005	0.000978203	
9920	0.88499	10.001	0.00097036	
9930	0.90374	10.0006	0.000965611	
9940	0.88759	10.001	0.000945858	
9950	0.89675	10.0015	0.000896861	
9960	0.9009	10.0007	0.000897651	
9970	0.8863	10.0009	0.000960742	
9980	0.902	10.0007	0.000923026	
9990	0.90263	10.0006	0.000918971	
