G	ifd_prop	time_to_IFD	sd_intake	
0	0.99994	8.71013	4.50559e-05	
10	0.99988	9.26033	5.4144e-05	
20	0.99985	8.85023	4.76058e-05	
30	0.99991	8.92027	4.78162e-05	
40	0.99995	7.85029	4.36478e-05	
50	0.99992	8.94022	4.752e-05	
60	0.9999	8.63025	5.1331e-05	
70	0.99995	8.33016	4.06072e-05	
80	0.9999	8.69022	4.99967e-05	
90	0.99994	8.47009	4.35302e-05	
100	0.99994	8.25022	4.88419e-05	
110	0.99994	7.92014	4.79004e-05	
120	0.99993	7.92026	4.46818e-05	
130	0.99995	8.33014	4.2998e-05	
140	0.99994	8.25025	4.67191e-05	
150	1	7.7402	4.1936e-05	
160	0.99988	8.22007	5.43169e-05	
170	0.99976	9.62029	5.70161e-05	
180	0.99997	9.09012	4.55232e-05	
190	0.99991	8.71025	4.54926e-05	
200	0.99997	7.89026	3.85502e-05	
210	0.9999	8.45036	4.56085e-05	
220	0.99991	8.13023	4.75343e-05	
230	1	8.4702	4.83634e-05	
240	0.99994	7.87027	4.04333e-05	
250	0.99996	8.32021	3.92009e-05	
260	0.99992	8.6502	4.53513e-05	
270	0.99999	7.56024	3.51582e-05	
280	0.99997	8.29019	4.54043e-05	
290	0.99996	8.00023	3.62426e-05	
300	0.99981	9.73019	5.37927e-05	
310	0.99991	8.91009	4.61516e-05	
320	0.99995	8.4202	3.87134e-05	
330	0.9999	8.96025	5.3449e-05	
340	0.99992	9.0202	4.83114e-05	
350	0.99999	7.57011	4.40795e-05	
360	0.99997	7.89028	3.96058e-05	
370	0.99998	7.90006	4.05493e-05	
380	0.99993	8.00023	4.5182e-05	
390	0.99988	8.31023	4.64933e-05	
400	0.99998	8.33022	4.10478e-05	
410	0.99999	8.26024	5.05189e-05	
420	0.99991	9.03014	4.95705e-05	
430	0.99997	8.54013	4.40595e-05	
440	0.99996	8.00022	4.60046e-05	
450	1	7.46018	3.62525e-05	
460	0.99997	8.26028	4.35237e-05	
470	0.99992	9.09023	5.09054e-05	
480	0.99993	8.43022	4.86012e-05	
490	0.99991	8.64016	3.91521e-05	
500	0.99987	8.76023	4.50383e-05	
510	0.99987	8.56014	4.2427e-05	
520	0.99987	9.39018	4.54578e-05	
530	0.99986	8.80018	4.70718e-05	
540	0.99996	8.31026	4.38491e-05	
550	0.99994	8.43031	4.93643e-05	
560	0.99981	9.11036	5.20053e-05	
570	0.99998	7.56022	4.01163e-05	
580	0.99995	8.65019	4.60707e-05	
590	0.99992	8.10025	4.84957e-05	
600	0.99997	8.19016	4.10966e-05	
610	0.99991	8.48017	4.25232e-05	
620	0.99997	8.23018	4.53036e-05	
630	0.99997	7.8902	4.6335e-05	
640	0.99995	8.01018	4.23868e-05	
650	0.99987	8.66021	5.13017e-05	
660	0.99997	7.52017	4.01653e-05	
670	0.99982	8.90024	5.18808e-05	
680	0.99996	8.33022	4.62513e-05	
690	0.99988	9.07028	5.46859e-05	
700	1	7.61016	3.71199e-05	
710	0.99995	7.93021	4.04141e-05	
720	0.99993	7.99023	4.1446e-05	
730	0.99992	8.71011	4.6013e-05	
740	0.99994	8.77022	4.59003e-05	
750	0.9998	9.60019	5.93499e-05	
760	0.99994	8.69011	4.71032e-05	
770	0.9999	9.47011	5.2319e-05	
780	1	7.62011	3.98221e-05	
790	0.99996	8.48017	4.32069e-05	
800	0.99974	9.98013	5.14253e-05	
810	0.99982	8.49019	4.67173e-05	
820	0.99995	9.12018	4.25525e-05	
830	0.99983	9.10024	4.61265e-05	
840	0.99982	8.47031	4.13398e-05	
850	0.99995	9.05024	4.52358e-05	
860	0.99993	8.94031	4.55826e-05	
870	0.99979	9.48031	5.2068e-05	
880	0.99994	8.50025	4.67583e-05	
890	0.99991	7.82013	5.12155e-05	
900	0.99984	8.93014	5.18602e-05	
910	0.9999	8.82027	4.83899e-05	
920	0.99991	8.66036	4.59516e-05	
930	0.99991	8.23033	4.21219e-05	
940	0.99985	8.55019	4.85576e-05	
950	0.9999	8.65017	4.36662e-05	
960	0.99989	9.42025	5.21936e-05	
970	0.99991	9.00025	4.79094e-05	
980	0.99992	8.92011	4.4153e-05	
990	0.99988	9.28024	4.49268e-05	
1000	0.99994	8.77018	4.26886e-05	
1010	0.99987	9.1403	5.27073e-05	
1020	0.99984	9.61027	5.80549e-05	
1030	0.99985	8.64019	5.03449e-05	
1040	0.99989	9.0102	4.88033e-05	
1050	0.9999	8.47022	4.46058e-05	
1060	0.99976	8.93017	4.30498e-05	
1070	0.9998	9.03018	6.29085e-05	
1080	0.99987	9.41019	4.83497e-05	
1090	0.99977	9.32024	4.97933e-05	
1100	0.99987	8.85013	4.09471e-05	
1110	0.99989	9.46022	4.86887e-05	
1120	0.99976	9.46014	5.34716e-05	
1130	0.99979	9.55027	5.4644e-05	
1140	0.9998	9.8102	5.77186e-05	
1150	0.99977	8.74022	5.75215e-05	
1160	0.99972	9.2302	5.35858e-05	
1170	0.99984	8.99025	5.05002e-05	
1180	0.99981	9.64025	4.90217e-05	
1190	0.99991	8.78024	4.74046e-05	
1200	0.99981	9.2902	5.42347e-05	
1210	0.99975	9.10013	5.3248e-05	
1220	0.99981	9.21034	6.02043e-05	
1230	0.99972	9.52027	5.21013e-05	
1240	0.99963	9.61017	6.63406e-05	
1250	0.99973	8.82023	5.52288e-05	
1260	0.99967	9.40032	6.1415e-05	
1270	0.99949	9.63016	6.9749e-05	
1280	0.9995	9.58014	5.93015e-05	
1290	0.99969	9.56035	5.80571e-05	
1300	0.99969	9.28032	5.9304e-05	
1310	0.99954	9.6401	6.36123e-05	
1320	0.99943	9.1201	7.09355e-05	
1330	0.99958	9.42017	7.58995e-05	
1340	0.99966	9.54023	6.35858e-05	
1350	0.99963	9.24012	5.27167e-05	
1360	0.99974	9.22012	5.42738e-05	
1370	0.9995	9.49018	5.51863e-05	
1380	0.99942	9.93024	7.19269e-05	
1390	0.99942	9.54026	7.30747e-05	
1400	0.99963	9.58018	6.88057e-05	
1410	0.9995	9.36027	7.11285e-05	
1420	0.99964	9.80018	4.61725e-05	
1430	0.99966	9.82029	6.40024e-05	
1440	0.99957	9.51026	7.16962e-05	
1450	0.99955	9.09032	6.92386e-05	
1460	0.99964	9.37025	5.94006e-05	
1470	0.99936	9.87015	8.0536e-05	
1480	0.99965	9.12012	5.31084e-05	
1490	0.99932	9.80026	6.33872e-05	
1500	0.99982	9.2203	5.16253e-05	
1510	0.99954	9.92023	6.55203e-05	
1520	0.99922	9.94028	7.97106e-05	
1530	0.99956	9.43013	6.11639e-05	
1540	0.99957	9.6803	6.52433e-05	
1550	0.99953	9.52029	5.42654e-05	
1560	0.99923	9.60041	7.94051e-05	
1570	0.99954	9.27031	7.04703e-05	
1580	0.99942	9.30015	8.04526e-05	
1590	0.99933	9.93015	8.44102e-05	
1600	0.99936	9.4603	6.5431e-05	
1610	0.99961	9.55024	6.92052e-05	
1620	0.99967	9.58023	7.10388e-05	
1630	0.99949	9.25024	5.54314e-05	
1640	0.99971	9.52029	6.51423e-05	
1650	0.99907	9.67034	9.08215e-05	
1660	0.99908	10.0006	8.94389e-05	
1670	0.99957	9.61025	6.11922e-05	
1680	0.99924	9.77022	8.53372e-05	
1690	0.99959	9.47038	5.7048e-05	
1700	0.99944	9.48029	6.43526e-05	
1710	0.99929	9.66032	8.14535e-05	
1720	0.9994	9.8004	6.65035e-05	
1730	0.99937	9.94024	7.84325e-05	
1740	0.99931	9.83027	6.03142e-05	
1750	0.99912	9.69024	9.43602e-05	
1760	0.99925	9.93016	8.01523e-05	
1770	0.99928	10.0005	9.24806e-05	
1780	0.99958	9.49022	6.49314e-05	
1790	0.99927	9.83035	7.23879e-05	
1800	0.99921	9.91021	7.52769e-05	
1810	0.99916	9.59019	7.69685e-05	
1820	0.99906	10.0002	8.31616e-05	
1830	0.9995	9.52019	6.61895e-05	
1840	0.99857	9.91049	0.000107115	
1850	0.99932	9.6103	6.98626e-05	
1860	0.99907	9.86033	7.55434e-05	
1870	0.99879	9.87038	0.000102179	
1880	0.99915	9.85025	6.90884e-05	
1890	0.99935	9.75028	7.80271e-05	
1900	0.99956	9.5503	6.15149e-05	
1910	0.99882	9.90042	8.76512e-05	
1920	0.99898	9.50016	8.48949e-05	
1930	0.99921	9.84018	8.58468e-05	
1940	0.99919	9.95013	8.99641e-05	
1950	0.99937	9.60037	6.38529e-05	
1960	0.99902	9.76024	7.76385e-05	
1970	0.99927	9.8304	7.28999e-05	
1980	0.99895	9.55034	9.70157e-05	
1990	0.99966	9.62012	5.95312e-05	
2000	0.99922	9.73033	8.23755e-05	
2010	0.99905	10.0003	8.00175e-05	
2020	0.99896	9.63031	7.7377e-05	
2030	0.9994	9.38045	6.44375e-05	
2040	0.9992	9.92026	9.00531e-05	
2050	0.99916	9.79044	7.2933e-05	
2060	0.99904	10.0002	8.17717e-05	
2070	0.99943	9.96029	5.73097e-05	
2080	0.99956	9.70039	5.76238e-05	
2090	0.99908	9.86018	8.25627e-05	
2100	0.99906	9.75037	8.59934e-05	
2110	0.99933	9.86029	6.69388e-05	
2120	0.99891	10.0004	9.70546e-05	
2130	0.99905	9.90031	6.98153e-05	
2140	0.99922	9.28039	7.10547e-05	
2150	0.9993	9.97017	8.01989e-05	
2160	0.99862	9.92016	9.77476e-05	
2170	0.99858	10.0002	0.000105524	
2180	0.99912	9.74023	8.39354e-05	
2190	0.99866	9.93033	0.000110267	
2200	0.99889	9.42027	9.29801e-05	
2210	0.99904	9.61034	6.83389e-05	
2220	0.999	9.65029	7.82285e-05	
2230	0.99843	9.97033	0.000101278	
2240	0.99875	9.60032	9.17062e-05	
2250	0.99893	9.50016	7.88947e-05	
2260	0.99898	9.79015	8.01987e-05	
2270	0.99894	10.0002	9.89659e-05	
2280	0.99832	10.0004	0.000128675	
2290	0.99933	9.4802	6.62786e-05	
2300	0.99891	10.0005	7.45959e-05	
2310	0.99838	10.0003	9.75966e-05	
2320	0.99909	9.78026	8.00554e-05	
2330	0.99867	9.8604	0.000102214	
2340	0.99823	10.0003	8.77231e-05	
2350	0.99876	9.97042	0.000103112	
2360	0.99838	9.91026	0.00011941	
2370	0.99862	9.91044	9.16464e-05	
2380	0.9984	10.0004	0.000122813	
2390	0.99889	9.81022	8.35457e-05	
2400	0.99815	10.0003	0.000125578	
2410	0.99853	9.69024	0.000108604	
2420	0.99847	10.0002	9.75758e-05	
2430	0.99795	9.69029	9.91678e-05	
2440	0.99843	10.0003	0.000110395	
2450	0.99814	10.0003	0.000125142	
2460	0.99831	10.0002	0.000109464	
2470	0.99854	9.83033	8.19653e-05	
2480	0.99849	10.0003	9.7605e-05	
2490	0.9986	10.0001	0.000101669	
2500	0.99773	10.0005	9.44081e-05	
2510	0.99865	10.0005	8.91188e-05	
2520	0.99884	9.88023	0.000107756	
2530	0.99918	9.77031	9.62629e-05	
2540	0.99833	9.88021	0.000109229	
2550	0.99861	10.0003	0.000106122	
2560	0.99879	10.0003	0.000118314	
2570	0.99873	10.0003	8.35393e-05	
2580	0.99855	9.95022	8.77185e-05	
2590	0.99775	10.0004	0.000114491	
2600	0.99812	10.0002	0.000103957	
2610	0.99812	10.0003	0.000106078	
2620	0.9984	9.96025	0.000103639	
2630	0.99787	10.0003	0.000146695	
2640	0.99742	9.87029	0.000123266	
2650	0.99781	9.97049	0.000137392	
2660	0.9983	9.96042	0.000108389	
2670	0.99789	10.0003	0.00015735	
2680	0.9978	10.0003	0.000128862	
2690	0.99803	10.0003	0.000119975	
2700	0.99818	9.66032	0.000112833	
2710	0.99697	10.0003	0.000172459	
2720	0.99802	9.71035	0.00013904	
2730	0.99757	10.0003	0.000120782	
2740	0.99797	9.98045	0.000111087	
2750	0.99808	9.75038	0.000126939	
2760	0.9981	9.8804	0.000110666	
2770	0.99792	9.58027	0.00010423	
2780	0.99728	10.0003	0.00012982	
2790	0.9965	10.0003	0.000164332	
2800	0.99669	10.0003	0.000139958	
2810	0.9978	9.89029	0.000123497	
2820	0.99753	9.83036	0.000148532	
2830	0.99809	9.96024	0.000111956	
2840	0.9976	9.95049	0.000133707	
2850	0.99821	10.0004	0.000120288	
2860	0.99674	10.0004	0.000146197	
2870	0.99672	9.97031	0.000161608	
2880	0.99648	9.96024	0.000154855	
2890	0.99795	10.0004	0.000139681	
2900	0.99688	10.0003	0.000170254	
2910	0.99751	10.0002	0.000123716	
2920	0.99784	9.94039	0.000103433	
2930	0.99834	9.8802	9.55482e-05	
2940	0.9973	10.0003	0.000112646	
2950	0.99722	9.87018	0.00012031	
2960	0.99763	10.0002	0.000118164	
2970	0.99758	10.0002	0.000120791	
2980	0.9975	10.0002	0.000124097	
2990	0.99748	10.0003	0.000134784	
3000	0.99773	10.0004	0.000134589	
3010	0.99785	10.0004	0.000122539	
3020	0.99802	9.93038	0.000129531	
3030	0.99744	9.95019	0.000118004	
3040	0.99716	10.0001	0.000130884	
3050	0.99765	10.0003	0.000148238	
3060	0.99618	10.0004	0.00019187	
3070	0.99767	10.0005	0.000121114	
3080	0.99721	10.0004	0.000152903	
3090	0.99762	10.0002	0.000112752	
3100	0.997	10.0003	0.000140268	
3110	0.99718	9.86028	0.00013771	
3120	0.99706	10.0003	0.000158598	
3130	0.99711	10.0002	0.000153763	
3140	0.99782	10.0004	0.000117568	
3150	0.99772	10.0002	0.000141778	
3160	0.99802	10.0005	0.000130384	
3170	0.99785	9.98051	0.000137445	
3180	0.99735	10.0003	0.000159876	
3190	0.99736	10.0004	0.000154045	
3200	0.99593	10.0003	0.00017725	
3210	0.99704	9.98033	0.000173142	
3220	0.99691	10.0003	0.000136841	
3230	0.99734	10.0004	0.000175078	
3240	0.9967	10.0004	0.000147619	
3250	0.99771	10.0003	0.00013015	
3260	0.99668	9.91023	0.000146013	
3270	0.99678	10.0005	0.0001507	
3280	0.99665	10.0005	0.000158572	
3290	0.99587	10.0005	0.000186421	
3300	0.99536	10.0002	0.000166851	
3310	0.99605	10.0004	0.0001822	
3320	0.99602	10.0005	0.000184758	
3330	0.99591	10.0003	0.000180681	
3340	0.99771	10.0004	0.000139783	
3350	0.99607	10.0003	0.00019665	
3360	0.99682	9.93052	0.000133102	
3370	0.99622	10.0003	0.000166984	
3380	0.99553	10.0005	0.000183301	
3390	0.99447	10.0004	0.000227095	
3400	0.99551	9.95046	0.000176599	
3410	0.99672	9.9602	0.000153868	
3420	0.99647	10.0003	0.000174265	
3430	0.99697	10.0003	0.000131343	
3440	0.99652	10.0004	0.000181184	
3450	0.99681	9.95022	0.000152377	
3460	0.99558	10.0003	0.000160628	
3470	0.9954	10.0005	0.000157863	
3480	0.99571	10.0003	0.000152712	
3490	0.99587	10.0004	0.000180302	
3500	0.99641	10.0003	0.000146625	
3510	0.99519	10.0003	0.000186421	
3520	0.99579	10.0003	0.000169397	
3530	0.99626	10.0005	0.000151653	
3540	0.99527	10.0004	0.000186998	
3550	0.99453	10.0002	0.00019615	
3560	0.9943	10.0006	0.000189391	
3570	0.99497	10.0003	0.000173579	
3580	0.99663	9.99018	0.000168371	
3590	0.99524	10.0003	0.000219037	
3600	0.99571	10.0003	0.000184501	
3610	0.9955	9.92035	0.000183809	
3620	0.99447	10.0002	0.000229946	
3630	0.99354	10.0004	0.000234472	
3640	0.99586	10.0002	0.000183886	
3650	0.99235	10.0004	0.000235249	
3660	0.99291	10.0005	0.000240513	
3670	0.99243	10.0003	0.000232988	
3680	0.99415	10.0003	0.000236109	
3690	0.99386	10.0004	0.000230152	
3700	0.99398	10.0003	0.000233112	
3710	0.99372	10.0002	0.000230279	
3720	0.99299	10.0005	0.000244885	
3730	0.99217	10.0003	0.000238264	
3740	0.99436	10.0004	0.000189568	
3750	0.99284	10.0004	0.000214735	
3760	0.99477	10.0003	0.000173787	
3770	0.99284	10.0005	0.0002494	
3780	0.99398	10.0002	0.000206602	
3790	0.99084	10.0004	0.000250641	
3800	0.9921	10.0002	0.000228484	
3810	0.99404	10.0003	0.000204574	
3820	0.99444	9.98037	0.00017699	
3830	0.99257	10.0003	0.000245712	
3840	0.99342	10.0004	0.000193081	
3850	0.98963	10.0003	0.000254742	
3860	0.99181	10.0003	0.000258638	
3870	0.99084	10.0005	0.000235927	
3880	0.99147	10.0003	0.000260609	
3890	0.99177	10.0004	0.000255972	
3900	0.99322	10.0005	0.000247004	
3910	0.99135	10.0003	0.000267529	
3920	0.99308	10.0004	0.000229846	
3930	0.9938	10.0003	0.000188404	
3940	0.99211	10.0004	0.000244451	
3950	0.99104	10.0004	0.000243575	
3960	0.99229	10.0004	0.000230915	
3970	0.99176	10.0005	0.000220027	
3980	0.99314	10.0004	0.000211031	
3990	0.98937	10.0002	0.000287956	
4000	0.99388	10.0002	0.000232043	
4010	0.99346	10.0002	0.000239503	
4020	0.99258	10.0004	0.000247331	
4030	0.99033	10.0003	0.000289625	
4040	0.99319	10.0004	0.00020958	
4050	0.99253	10.0004	0.000249186	
4060	0.99076	10.0005	0.000260901	
4070	0.99124	10.0004	0.000257462	
4080	0.98888	10.0003	0.000294585	
4090	0.98981	10.0003	0.000297123	
4100	0.99083	10.0003	0.000264022	
4110	0.99016	10.0002	0.000287793	
4120	0.9896	10.0002	0.000277149	
4130	0.99051	10.0002	0.000244052	
4140	0.98861	10.0002	0.000292521	
4150	0.98952	10.0001	0.000293194	
4160	0.98846	10.0005	0.000301178	
4170	0.98775	10.0003	0.000332048	
4180	0.98886	10.0003	0.000330794	
4190	0.98815	10.0003	0.000269513	
4200	0.98717	10.0002	0.00035269	
4210	0.98764	10.0003	0.000342445	
4220	0.98656	10.0002	0.00034822	
4230	0.98564	10.0003	0.000347645	
4240	0.99096	10.0002	0.000280022	
4250	0.98683	10.0002	0.000314768	
4260	0.98437	10.0002	0.000355064	
4270	0.9867	10.0004	0.000304226	
4280	0.98138	10.0003	0.000354004	
4290	0.98539	10.0001	0.000309692	
4300	0.9816	10.0003	0.000404005	
4310	0.98363	10.0002	0.000345469	
4320	0.98133	10.0004	0.00039224	
4330	0.98314	10.0002	0.000354166	
4340	0.98253	10.0002	0.000351587	
4350	0.98509	10.0002	0.000352686	
4360	0.98146	10.0002	0.000416227	
4370	0.98852	10.0002	0.000298849	
4380	0.98335	10.0001	0.000372606	
4390	0.98375	10.0002	0.000358915	
4400	0.98267	10.0002	0.00039973	
4410	0.98013	10.0003	0.000384913	
4420	0.97849	10.0003	0.000417935	
4430	0.98003	10.0003	0.000448635	
4440	0.97859	10.0002	0.000440365	
4450	0.97787	10.0003	0.000397103	
4460	0.98005	10.0001	0.000400206	
4470	0.98524	10.0001	0.00034599	
4480	0.98096	10.0003	0.000401908	
4490	0.98176	10.0004	0.000386954	
4500	0.97742	10.0004	0.000391582	
4510	0.97867	10.0002	0.00040555	
4520	0.98082	10.0002	0.000416982	
4530	0.98131	10.0002	0.000347873	
4540	0.97656	10.0003	0.000437657	
4550	0.97758	10.0002	0.000428181	
4560	0.98389	10.0002	0.000376122	
4570	0.98343	10.0003	0.000419489	
4580	0.9819	10.0002	0.000384567	
4590	0.98253	10.0003	0.000353927	
4600	0.9835	10.0003	0.000360178	
4610	0.98384	10.0002	0.000334014	
4620	0.9825	10.0003	0.000365528	
4630	0.98352	10.0002	0.000387131	
4640	0.971	10.0004	0.000477093	
4650	0.978	10.0003	0.000430085	
4660	0.9784	10.0003	0.000426492	
4670	0.97988	10.0002	0.000398785	
4680	0.98073	10.0001	0.000394621	
4690	0.98221	10.0003	0.000381784	
4700	0.97477	10.0003	0.000464818	
4710	0.97716	10.0002	0.000454169	
4720	0.98046	10.0002	0.00041567	
4730	0.97662	10.0004	0.000430603	
4740	0.9763	10.0002	0.000432239	
4750	0.97735	10.0002	0.000438679	
4760	0.9776	10.0002	0.00044346	
4770	0.98019	10.0002	0.000388622	
4780	0.97844	10.0003	0.000429525	
4790	0.9809	10.0002	0.000387257	
4800	0.97711	10.0002	0.00045259	
4810	0.9747	10.0002	0.000452371	
4820	0.97628	10.0003	0.000435885	
4830	0.97504	10.0002	0.000457987	
4840	0.97557	10.0002	0.00042081	
4850	0.97368	10.0003	0.00047197	
4860	0.97822	10.0002	0.000406007	
4870	0.97509	10.0003	0.000469935	
4880	0.97918	10.0002	0.000400518	
4890	0.97448	10.0002	0.000472908	
4900	0.97477	10.0002	0.000433594	
4910	0.97564	10.0002	0.000426248	
4920	0.97581	10.0002	0.000468618	
4930	0.97077	10.0002	0.000493898	
4940	0.97333	10.0002	0.000479596	
4950	0.98076	10.0002	0.000373601	
4960	0.9827	10.0002	0.000389522	
4970	0.97871	10.0002	0.000460335	
4980	0.97974	10.0003	0.000415567	
4990	0.97125	10.0002	0.00049037	
5000	0.9776	10.0001	0.000437719	
5010	0.97705	10.0003	0.000440337	
5020	0.98143	10.0003	0.000377428	
5030	0.98142	10.0002	0.000401653	
5040	0.97754	10.0002	0.000430732	
5050	0.97346	10.0002	0.000492688	
5060	0.97292	10.0002	0.000459582	
5070	0.97136	10.0001	0.000492756	
5080	0.97139	10.0002	0.000438781	
5090	0.97278	10.0001	0.000450704	
5100	0.9712	10.0001	0.000512715	
5110	0.97535	10.0002	0.000465719	
5120	0.97257	10.0003	0.000480929	
5130	0.9698	10.0004	0.000521952	
5140	0.97417	10.0002	0.00044637	
5150	0.97534	10.0002	0.000455035	
5160	0.97194	10.0002	0.000477068	
5170	0.97647	10.0002	0.000444111	
5180	0.9708	10.0002	0.000528325	
5190	0.97263	10.0003	0.000483156	
5200	0.96865	10.0002	0.000474403	
5210	0.96699	10.0003	0.000520086	
5220	0.97111	10.0002	0.000520146	
5230	0.96996	10.0002	0.000536597	
5240	0.97464	10.0003	0.000485469	
5250	0.97416	10.0002	0.000466376	
5260	0.97143	10.0003	0.000496717	
5270	0.96494	10.0002	0.000539533	
5280	0.97527	10.0002	0.000445335	
5290	0.97561	10.0004	0.000416748	
5300	0.9735	10.0003	0.000494334	
5310	0.97237	10.0003	0.000486512	
5320	0.97182	10.0003	0.000472474	
5330	0.97108	10.0003	0.000480393	
5340	0.96929	10.0002	0.000475346	
5350	0.96745	10.0002	0.000548692	
5360	0.97645	10.0003	0.000457962	
5370	0.97462	10.0003	0.00046803	
5380	0.96523	10.0002	0.000503133	
5390	0.97281	10.0002	0.00045872	
5400	0.97095	10.0002	0.000497559	
5410	0.97707	10.0002	0.000454856	
5420	0.97748	10.0001	0.000404241	
5430	0.97427	10.0001	0.000424376	
5440	0.96985	10.0003	0.000507675	
5450	0.97681	10.0002	0.000456907	
5460	0.97653	10.0002	0.000435842	
5470	0.97306	10.0002	0.000486978	
5480	0.96937	10.0002	0.000483113	
5490	0.96832	10.0001	0.000490355	
5500	0.97367	10.0004	0.000464623	
5510	0.97297	10.0002	0.000448406	
5520	0.97639	10.0003	0.000407909	
5530	0.97369	10.0002	0.000470811	
5540	0.97255	10.0002	0.000478269	
5550	0.97577	10.0003	0.000453765	
5560	0.97202	10.0002	0.000464094	
5570	0.97339	10.0002	0.000499233	
5580	0.97335	10.0001	0.000454857	
5590	0.96906	10.0001	0.000523481	
5600	0.96852	10.0003	0.000500769	
5610	0.96784	10.0003	0.000520353	
5620	0.97005	10.0002	0.000539831	
5630	0.97446	10.0003	0.00043235	
5640	0.97411	10.0003	0.000525369	
5650	0.97365	10.0004	0.000495319	
5660	0.96554	10.0001	0.000522937	
5670	0.97099	10.0003	0.000497396	
5680	0.97145	10.0001	0.000439726	
5690	0.97283	10.0002	0.00045196	
5700	0.98148	10.0002	0.000399446	
5710	0.97346	10.0002	0.000484112	
5720	0.97196	10.0002	0.000487041	
5730	0.96566	10.0002	0.000509094	
5740	0.96708	10.0003	0.000510372	
5750	0.95989	10.0003	0.000588934	
5760	0.97278	10.0002	0.000465407	
5770	0.97359	10.0002	0.000444556	
5780	0.97276	10.0002	0.000454138	
5790	0.97779	10.0001	0.000457751	
5800	0.97825	10.0001	0.000437299	
5810	0.97116	10.0002	0.000478757	
5820	0.96947	10.0003	0.000489625	
5830	0.97048	10.0004	0.000469132	
5840	0.9755	10.0002	0.000451382	
5850	0.97476	10.0004	0.000444961	
5860	0.97463	10.0003	0.000452975	
5870	0.96945	10.0002	0.000512266	
5880	0.97263	10.0003	0.000448769	
5890	0.97561	10.0002	0.000450531	
5900	0.97599	10.0003	0.000435613	
5910	0.97653	10.0003	0.000449371	
5920	0.97084	10.0002	0.000510354	
5930	0.97377	10.0002	0.000496247	
5940	0.97184	10.0002	0.000439516	
5950	0.96952	10.0002	0.000482212	
5960	0.97472	10.0002	0.000440605	
5970	0.97419	10.0002	0.000461075	
5980	0.97965	10.0001	0.000413136	
5990	0.97579	10.0003	0.000417512	
6000	0.97574	10.0003	0.000488554	
6010	0.97419	10.0003	0.000465203	
6020	0.97904	10.0002	0.000369479	
6030	0.97858	10.0003	0.000405811	
6040	0.97404	10.0003	0.000488956	
6050	0.96555	10.0001	0.000546065	
6060	0.97234	10.0002	0.000490428	
6070	0.96777	10.0002	0.000517595	
6080	0.97248	10.0002	0.000484932	
6090	0.9717	10.0002	0.00044785	
6100	0.97315	10.0003	0.000473332	
6110	0.97132	10.0003	0.000492231	
6120	0.9726	10.0001	0.000497077	
6130	0.97218	10.0002	0.000471754	
6140	0.97367	10.0003	0.00049066	
6150	0.97274	10.0003	0.000465201	
6160	0.97358	10.0002	0.000446545	
6170	0.97433	10.0004	0.000455031	
6180	0.97239	10.0004	0.00047213	
6190	0.97374	10.0003	0.000471338	
6200	0.97588	10.0001	0.000450831	
6210	0.97673	10.0001	0.000486773	
6220	0.97182	10.0003	0.000468706	
6230	0.97568	10.0003	0.00043226	
6240	0.97509	10.0002	0.00042146	
6250	0.98292	10.0002	0.00036014	
6260	0.97459	10.0002	0.00042975	
6270	0.97849	10.0003	0.000401467	
6280	0.97191	10.0002	0.000482453	
6290	0.9766	10.0003	0.000458976	
6300	0.97725	10.0001	0.000446423	
6310	0.98357	10.0004	0.000364411	
6320	0.98016	10.0002	0.0004037	
6330	0.97719	10.0003	0.000419753	
6340	0.97814	10.0001	0.000416725	
6350	0.97115	10.0002	0.000447404	
6360	0.97001	10.0002	0.000475225	
6370	0.97081	10.0002	0.000497692	
6380	0.97147	10.0003	0.000441629	
6390	0.98027	10.0002	0.000397016	
6400	0.97781	10.0002	0.000422617	
6410	0.97524	10.0003	0.000429888	
6420	0.97891	10.0002	0.000410977	
6430	0.97597	10.0002	0.000427473	
6440	0.97476	10.0002	0.000446984	
6450	0.97363	10.0002	0.000471047	
6460	0.97469	10.0002	0.000464943	
6470	0.96912	10.0002	0.000525468	
6480	0.97258	10.0004	0.000454122	
6490	0.97133	10.0004	0.000436655	
6500	0.97041	10.0003	0.000497707	
6510	0.96943	10.0002	0.000492124	
6520	0.97406	10.0003	0.000458108	
6530	0.96381	10.0002	0.000585009	
6540	0.97116	10.0003	0.000485498	
6550	0.97044	10.0002	0.000488293	
6560	0.96999	10.0002	0.000503129	
6570	0.96707	10.0002	0.00049023	
6580	0.96938	10.0002	0.000450516	
6590	0.96869	10.0003	0.000486523	
6600	0.97506	10.0003	0.000411159	
6610	0.97001	10.0003	0.000509046	
6620	0.97128	10.0003	0.000450866	
6630	0.97646	10.0002	0.000451884	
6640	0.97151	10.0003	0.000481208	
6650	0.97399	10.0003	0.000468698	
6660	0.97582	10.0001	0.00046043	
6670	0.97005	10.0002	0.000504489	
6680	0.96551	10.0002	0.00051628	
6690	0.97155	10.0004	0.000509744	
6700	0.96788	10.0001	0.00051792	
6710	0.96785	10.0001	0.000505508	
6720	0.97358	10.0002	0.000454763	
6730	0.97211	10.0004	0.000455979	
6740	0.97543	10.0003	0.000432235	
6750	0.97688	10.0002	0.000438339	
6760	0.97101	10.0002	0.000495158	
6770	0.97089	10.0003	0.000485889	
6780	0.97498	10.0002	0.00044785	
6790	0.97233	10.0001	0.000485141	
6800	0.97387	10.0002	0.000421966	
6810	0.97243	10.0003	0.000439594	
6820	0.98024	10.0003	0.000434379	
6830	0.97737	10.0002	0.000446604	
6840	0.97655	10.0004	0.000448488	
6850	0.97544	10.0003	0.000450492	
6860	0.97378	10.0003	0.000496869	
6870	0.9757	10.0002	0.000437455	
6880	0.97674	10.0002	0.000450421	
6890	0.96719	10.0002	0.000534703	
6900	0.96852	10.0003	0.000496737	
6910	0.9677	10.0002	0.00049135	
6920	0.97705	10.0003	0.000409693	
6930	0.97444	10.0003	0.000452218	
6940	0.97448	10.0002	0.00046369	
6950	0.97986	10.0002	0.00044642	
6960	0.9727	10.0002	0.000442306	
6970	0.97379	10.0001	0.00044107	
6980	0.97243	10.0002	0.000488267	
6990	0.97276	10.0003	0.0004605	
7000	0.9715	10.0002	0.000477252	
7010	0.96965	10.0003	0.000506089	
7020	0.9724	10.0004	0.00049784	
7030	0.97146	10.0002	0.00047017	
7040	0.96962	10.0002	0.000508088	
7050	0.96896	10.0002	0.000533662	
7060	0.97063	10.0002	0.000516423	
7070	0.97391	10.0002	0.00046569	
7080	0.97519	10.0003	0.000418335	
7090	0.97949	10.0003	0.000422166	
7100	0.97523	10.0002	0.00047977	
7110	0.97606	10.0001	0.000409876	
7120	0.97435	10.0002	0.000464889	
7130	0.9737	10.0002	0.00048231	
7140	0.97262	10.0001	0.000440132	
7150	0.98045	10.0001	0.000345729	
7160	0.97482	10.0002	0.000408979	
7170	0.97014	10.0003	0.00046279	
7180	0.96903	10.0002	0.000509233	
7190	0.96775	10.0002	0.000513631	
7200	0.9728	10.0003	0.000456903	
7210	0.9731	10.0002	0.000431591	
7220	0.97786	10.0002	0.000443602	
7230	0.97199	10.0001	0.000476106	
7240	0.9733	10.0002	0.000431357	
7250	0.9654	10.0002	0.000552143	
7260	0.96739	10.0003	0.00051642	
7270	0.97317	10.0002	0.000468525	
7280	0.96869	10.0002	0.000517789	
7290	0.98033	10.0003	0.000397571	
7300	0.97626	10.0001	0.000441272	
7310	0.9775	10.0002	0.000421154	
7320	0.97321	10.0002	0.000464828	
7330	0.97995	10.0001	0.000391574	
7340	0.97548	10.0002	0.000446211	
7350	0.97598	10.0001	0.000421384	
7360	0.9731	10.0003	0.000453975	
7370	0.97321	10.0002	0.000443962	
7380	0.97496	10.0002	0.000440559	
7390	0.97579	10.0002	0.000450096	
7400	0.9751	10.0002	0.000425415	
7410	0.97486	10.0003	0.000434368	
7420	0.97356	10.0001	0.000453454	
7430	0.96934	10.0003	0.000512205	
7440	0.97409	10.0003	0.000447333	
7450	0.9734	10.0002	0.000460432	
7460	0.97243	10.0003	0.000482569	
7470	0.96813	10.0003	0.000473362	
7480	0.97177	10.0003	0.000483967	
7490	0.97106	10.0002	0.000483371	
7500	0.97229	10.0002	0.000491703	
7510	0.9724	10.0002	0.000501828	
7520	0.96936	10.0003	0.000508942	
7530	0.9756	10.0003	0.000445984	
7540	0.96699	10.0002	0.000513225	
7550	0.97068	10.0002	0.000520228	
7560	0.97007	10.0001	0.000459243	
7570	0.97685	10.0003	0.000431386	
7580	0.97323	10.0001	0.000472639	
7590	0.97887	10.0003	0.000405808	
7600	0.97514	10.0002	0.000457521	
7610	0.97444	10.0001	0.000456099	
7620	0.97275	10.0003	0.000492938	
7630	0.96933	10.0002	0.000540089	
7640	0.97349	10.0002	0.00044067	
7650	0.96773	10.0002	0.000506971	
7660	0.96785	10.0003	0.000542426	
7670	0.97586	10.0003	0.000418762	
7680	0.9719	10.0001	0.000526059	
7690	0.97537	10.0001	0.000404685	
7700	0.96509	10.0003	0.000521985	
7710	0.96813	10.0002	0.000511961	
7720	0.97075	10.0002	0.000520537	
7730	0.97184	10.0002	0.00047806	
7740	0.97065	10.0002	0.0004617	
7750	0.97367	10.0002	0.000461922	
7760	0.9751	10.0002	0.000454919	
7770	0.97665	10.0002	0.000440808	
7780	0.9754	10.0002	0.00043052	
7790	0.97733	10.0001	0.000436131	
7800	0.96815	10.0001	0.000491257	
7810	0.9725	10.0001	0.000494592	
7820	0.97242	10.0002	0.000458212	
7830	0.97771	10.0003	0.000403548	
7840	0.96732	10.0001	0.000560571	
7850	0.97168	10.0001	0.000458924	
7860	0.97439	10.0002	0.000428558	
7870	0.97726	10.0003	0.000417611	
7880	0.96837	10.0002	0.000517662	
7890	0.97076	10.0001	0.000456459	
7900	0.97481	10.0003	0.000453249	
7910	0.97113	10.0001	0.000469626	
7920	0.97382	10.0002	0.000449988	
7930	0.97163	10.0004	0.000493779	
7940	0.96326	10.0002	0.000540654	
7950	0.9654	10.0003	0.000571401	
7960	0.97497	10.0002	0.000439175	
7970	0.97482	10.0002	0.00043257	
7980	0.97749	10.0001	0.00039895	
7990	0.97889	10.0002	0.000424099	
8000	0.97191	10.0004	0.00046501	
8010	0.97103	10.0003	0.00048643	
8020	0.96735	10.0002	0.000530751	
8030	0.97814	10.0001	0.000435616	
8040	0.97164	10.0002	0.000449855	
8050	0.97539	10.0002	0.000475363	
8060	0.97317	10.0001	0.000444224	
8070	0.97876	10.0003	0.000418056	
8080	0.97405	10.0002	0.000470449	
8090	0.97467	10.0003	0.000410058	
8100	0.97384	10.0002	0.000488962	
8110	0.97242	10.0003	0.000493996	
8120	0.97112	10.0003	0.000478187	
8130	0.97419	10.0001	0.000487592	
8140	0.97504	10.0002	0.000476038	
8150	0.96909	10.0002	0.000476127	
8160	0.97021	10.0002	0.000458158	
8170	0.97399	10.0002	0.000449066	
8180	0.97106	10.0001	0.000464417	
8190	0.97607	10.0002	0.000441913	
8200	0.97076	10.0003	0.000501463	
8210	0.96527	10.0003	0.000519025	
8220	0.97277	10.0001	0.000499971	
8230	0.96878	10.0002	0.000471218	
8240	0.97234	10.0002	0.000493385	
8250	0.97201	10.0002	0.000447685	
8260	0.97461	10.0002	0.000452666	
8270	0.97342	10.0002	0.000441756	
8280	0.97209	10.0002	0.000553699	
8290	0.97521	10.0002	0.00044352	
8300	0.97502	10.0002	0.000463061	
8310	0.97169	10.0004	0.000514746	
8320	0.97158	10.0002	0.00045858	
8330	0.97367	10.0002	0.000393797	
8340	0.9687	10.0002	0.000536942	
8350	0.97224	10.0002	0.000501659	
8360	0.97244	10.0002	0.000470727	
8370	0.97655	10.0002	0.000457592	
8380	0.97381	10.0001	0.000438519	
8390	0.97171	10.0002	0.000472115	
8400	0.97035	10.0003	0.000484032	
8410	0.97109	10.0004	0.000496162	
8420	0.97301	10.0002	0.000485425	
8430	0.96847	10.0003	0.000511095	
8440	0.97241	10.0001	0.000433425	
8450	0.97479	10.0002	0.000469358	
8460	0.97954	10.0002	0.00043762	
8470	0.9765	10.0002	0.000436396	
8480	0.97703	10.0003	0.000420566	
8490	0.97907	10.0003	0.00038827	
8500	0.98279	10.0002	0.000374245	
8510	0.97209	10.0003	0.000409064	
8520	0.97524	10.0002	0.000429153	
8530	0.97276	10.0001	0.000526516	
8540	0.972	10.0001	0.000496111	
8550	0.97541	10.0003	0.000417481	
8560	0.96637	10.0001	0.000543089	
8570	0.96911	10.0002	0.000508909	
8580	0.97613	10.0002	0.000435112	
8590	0.97823	10.0002	0.000447576	
8600	0.97538	10.0002	0.000450192	
8610	0.97621	10.0002	0.000460578	
8620	0.98065	10.0002	0.000391595	
8630	0.97665	10.0003	0.000430854	
8640	0.97455	10.0002	0.000431286	
8650	0.97673	10.0002	0.000435453	
8660	0.97491	10.0002	0.000452198	
8670	0.97249	10.0002	0.000491904	
8680	0.97527	10.0002	0.000415693	
8690	0.97486	10.0002	0.000413626	
8700	0.97562	10.0002	0.000447064	
8710	0.97074	10.0001	0.000467263	
8720	0.97387	10.0001	0.000467397	
8730	0.97344	10.0003	0.000489106	
8740	0.97474	10.0001	0.000434886	
8750	0.97484	10.0003	0.000438482	
8760	0.97217	10.0003	0.000467978	
8770	0.97528	10.0002	0.000442746	
8780	0.97936	10.0002	0.000388139	
8790	0.97452	10.0002	0.000465364	
8800	0.97511	10.0003	0.000456949	
8810	0.97867	10.0002	0.000406983	
8820	0.97061	10.0003	0.000472579	
8830	0.98023	10.0002	0.000404972	
8840	0.97172	10.0002	0.000499294	
8850	0.97239	10.0002	0.000504278	
8860	0.97394	10.0003	0.000460651	
8870	0.97576	10.0002	0.000463523	
8880	0.97206	10.0002	0.000476219	
8890	0.97648	10.0003	0.000412765	
8900	0.97733	10.0002	0.000456946	
8910	0.97503	10.0002	0.00044189	
8920	0.96628	10.0003	0.000564339	
8930	0.97415	10.0003	0.000423042	
8940	0.97997	10.0003	0.000367126	
8950	0.96943	10.0001	0.000504405	
8960	0.97259	10.0003	0.000484323	
8970	0.97239	10.0001	0.000411691	
8980	0.97011	10.0002	0.000487043	
8990	0.97122	10.0001	0.000454235	
9000	0.97575	10.0003	0.000393153	
9010	0.97445	10.0003	0.000447835	
9020	0.97671	10.0002	0.000408026	
9030	0.97237	10.0002	0.000486053	
9040	0.97206	10.0005	0.000482156	
9050	0.9743	10.0004	0.000456218	
9060	0.96698	10.0003	0.000528365	
9070	0.97506	10.0003	0.000430222	
9080	0.97293	10.0001	0.000477056	
9090	0.96934	10.0002	0.00052871	
9100	0.97119	10.0002	0.000486637	
9110	0.97026	10.0002	0.000487884	
9120	0.97274	10.0003	0.000479996	
9130	0.96857	10.0002	0.000512498	
9140	0.96784	10.0002	0.000493336	
9150	0.9754	10.0005	0.000418586	
9160	0.97078	10.0002	0.000502823	
9170	0.97117	10.0002	0.000503495	
9180	0.97634	10.0002	0.00045186	
9190	0.98186	10.0001	0.000392784	
9200	0.9778	10.0002	0.000419933	
9210	0.97374	10.0001	0.000459955	
9220	0.97076	10.0002	0.000490699	
9230	0.97151	10.0002	0.000479929	
9240	0.9653	10.0002	0.000497659	
9250	0.9702	10.0002	0.000468182	
9260	0.96949	10.0002	0.000449555	
9270	0.97369	10.0002	0.000480378	
9280	0.97334	10.0002	0.000516553	
9290	0.96639	10.0004	0.00050474	
9300	0.96587	10.0001	0.000563208	
9310	0.96549	10.0002	0.000549871	
9320	0.96336	10.0002	0.000530123	
9330	0.97144	10.0001	0.000486801	
9340	0.97572	10.0003	0.000412988	
9350	0.97071	10.0002	0.000512359	
9360	0.97545	10.0002	0.000479197	
9370	0.96765	10.0002	0.00049069	
9380	0.96646	10.0002	0.000498887	
9390	0.97394	10.0001	0.000459255	
9400	0.97623	10.0002	0.00045093	
9410	0.97809	10.0001	0.000413339	
9420	0.97193	10.0001	0.000479463	
9430	0.97234	10.0002	0.000443803	
9440	0.97236	10.0001	0.000483101	
9450	0.97588	10.0002	0.000473688	
9460	0.96868	10.0003	0.00046549	
9470	0.96909	10.0002	0.00047216	
9480	0.97164	10.0001	0.000466505	
9490	0.96939	10.0002	0.000457758	
9500	0.9625	10.0002	0.000557124	
9510	0.96838	10.0003	0.000509959	
9520	0.97495	10.0002	0.000484579	
9530	0.96826	10.0002	0.000552985	
9540	0.97103	10.0002	0.000478249	
9550	0.97841	10.0002	0.000376568	
9560	0.97811	10.0002	0.000433019	
9570	0.97758	10.0004	0.000441237	
9580	0.97276	10.0004	0.000477437	
9590	0.97325	10.0002	0.00048178	
9600	0.97401	10.0002	0.000467267	
9610	0.9716	10.0002	0.000461103	
9620	0.97192	10.0001	0.000494176	
9630	0.9704	10.0002	0.000487622	
9640	0.97039	10.0003	0.000486693	
9650	0.97021	10.0002	0.000484214	
9660	0.96883	10.0001	0.000515607	
9670	0.97408	10.0002	0.000465531	
9680	0.97396	10.0003	0.00042629	
9690	0.97255	10.0002	0.000473566	
9700	0.96954	10.0002	0.000518415	
9710	0.97622	10.0002	0.000437431	
9720	0.97491	10.0002	0.00041087	
9730	0.97471	10.0002	0.000409526	
9740	0.97461	10.0002	0.00041903	
9750	0.96818	10.0002	0.000507138	
9760	0.96915	10.0002	0.000456442	
9770	0.97285	10.0001	0.000453649	
9780	0.96971	10.0002	0.000518934	
9790	0.97104	10.0002	0.000488249	
9800	0.97557	10.0002	0.000439043	
9810	0.9778	10.0002	0.000441695	
9820	0.97644	10.0002	0.000397097	
9830	0.97493	10.0001	0.000415058	
9840	0.97526	10.0002	0.0004233	
9850	0.97155	10.0002	0.000517085	
9860	0.97965	10.0002	0.000421558	
9870	0.97509	10.0001	0.00037793	
9880	0.97327	10.0002	0.000410251	
9890	0.9754	10.0002	0.000444807	
9900	0.97685	10.0001	0.000396507	
9910	0.97033	10.0002	0.000447056	
9920	0.96498	10.0002	0.000540915	
9930	0.97323	10.0002	0.000460045	
9940	0.96836	10.0003	0.000529097	
9950	0.97192	10.0002	0.000500502	
9960	0.97397	10.0003	0.000432884	
9970	0.97128	10.0002	0.000500517	
9980	0.96491	10.0003	0.000553899	
9990	0.97297	10.0002	0.000482347	
