G	ifd_prop	time_to_IFD	sd_intake	
0	0.99992	7.66049	0.00015408	
10	0.99992	8.69039	0.000154263	
20	0.99996	8.60034	0.000141072	
30	1	7.94019	0.000160099	
40	0.99988	8.18037	0.000171438	
50	0.99996	8.33051	0.000163682	
60	0.99988	8.43055	0.000149532	
70	0.99992	8.29025	0.000141117	
80	0.99994	7.39038	0.00015327	
90	0.9998	8.85033	0.000168862	
100	0.99998	8.55028	0.000161432	
110	0.99992	8.09051	0.000148705	
120	0.99986	8.28033	0.000150192	
130	0.99992	8.34043	0.000169167	
140	0.9999	8.75054	0.000144296	
150	0.99984	8.70031	0.000182107	
160	0.99984	8.67039	0.000152895	
170	0.9999	8.62023	0.000141472	
180	0.99986	8.33029	0.000170907	
190	0.99988	7.68031	0.000157622	
200	0.99978	8.75042	0.000169421	
210	0.99992	8.63035	0.000153586	
220	0.99982	7.73028	0.000152277	
230	0.99994	7.87049	0.00016496	
240	0.99994	7.42026	0.000139921	
250	0.99982	8.42044	0.000148371	
260	0.99994	8.07016	0.000151059	
270	1	7.96008	0.000141778	
280	0.99994	8.59042	0.000138853	
290	0.99988	8.4404	0.000158879	
300	0.99994	8.2103	0.000161082	
310	0.99994	8.50036	0.000160548	
320	0.99992	8.5103	0.000144912	
330	0.99998	7.73022	0.000139797	
340	0.99998	8.01031	0.000136968	
350	0.99992	8.34042	0.000166312	
360	0.99994	8.11028	0.000164312	
370	0.99992	8.59048	0.00016195	
380	0.9999	9.15038	0.000171052	
390	0.99986	9.12052	0.000175627	
400	0.99988	8.99039	0.000164988	
410	0.99994	7.7303	0.000156567	
420	0.99984	8.68028	0.000161301	
430	1	7.54062	0.000146425	
440	0.99986	7.94048	0.000147376	
450	0.99984	8.7904	0.000150695	
460	0.99992	8.35032	0.000167194	
470	0.99994	8.57035	0.000147912	
480	0.99974	9.18053	0.000177151	
490	0.99996	8.86027	0.000169743	
500	0.99994	8.51037	0.000162923	
510	0.9999	8.3703	0.000135075	
520	0.9998	8.81016	0.000150055	
530	0.99974	9.19031	0.000151087	
540	0.9998	8.8603	0.000176456	
550	0.99992	7.86057	0.000161208	
560	0.99992	8.77043	0.000153376	
570	0.99984	8.9205	0.000168206	
580	0.99984	8.51043	0.000161309	
590	0.99976	9.10032	0.000182766	
600	0.99992	8.9704	0.000164855	
610	0.99988	9.71049	0.000151394	
620	0.9999	8.7104	0.000155037	
630	0.9999	9.11043	0.00016612	
640	0.99972	9.43045	0.000174813	
650	0.99986	8.96048	0.000167502	
660	0.9999	8.86028	0.00014988	
670	0.9998	9.33033	0.000166071	
680	0.99994	8.4406	0.00015341	
690	0.99976	9.19077	0.000162899	
700	0.9999	7.81046	0.000154853	
710	0.99984	9.0204	0.000157208	
720	0.99992	9.03063	0.000147875	
730	0.99984	8.63039	0.000163268	
740	0.99982	8.60021	0.000158482	
750	0.99994	8.19057	0.000161157	
760	0.99984	8.79043	0.000154316	
770	0.9999	8.43033	0.000149511	
780	0.99994	8.38046	0.000157688	
790	0.99968	8.76044	0.000177666	
800	0.99982	8.70051	0.000160541	
810	0.99962	9.2004	0.000177641	
820	0.99986	9.13028	0.000166337	
830	0.99976	9.09051	0.000173841	
840	0.99992	8.60021	0.000141523	
850	0.99986	8.79024	0.000180741	
860	0.9998	8.57035	0.000153113	
870	0.9998	8.79058	0.000165281	
880	0.9998	9.07058	0.000170032	
890	0.99984	8.6603	0.000149573	
900	0.99982	8.7404	0.000179952	
910	0.9998	8.69042	0.000172927	
920	0.99998	8.16034	0.000151546	
930	0.99992	7.79074	0.00016148	
940	0.99984	8.15035	0.000163074	
950	0.99988	9.08042	0.000160125	
960	0.99984	9.19051	0.000163399	
970	0.99966	9.27035	0.000172009	
980	0.9999	8.73046	0.000140475	
990	0.99988	9.13024	0.00015554	
1000	0.9999	9.0605	0.000165597	
1010	0.99992	8.77025	0.000167801	
1020	0.9999	9.05027	0.000149688	
1030	0.99988	8.45066	0.000157215	
1040	0.99996	9.18066	0.000152988	
1050	0.99992	8.72025	0.000169865	
1060	0.99984	9.18038	0.000167854	
1070	0.99982	9.42046	0.000158243	
1080	0.99984	8.9002	0.00015949	
1090	0.99988	9.24037	0.000158714	
1100	0.99986	8.85068	0.000160677	
1110	0.9999	8.83037	0.000143923	
1120	0.99952	9.73078	0.000183423	
1130	0.99982	8.83034	0.000171349	
1140	0.99988	8.85033	0.000158988	
1150	0.99988	8.97025	0.00015731	
1160	0.99994	8.69061	0.000163672	
1170	0.9999	8.69069	0.000162098	
1180	0.99972	8.9505	0.000176	
1190	0.99982	9.63038	0.000150737	
1200	0.99994	8.5403	0.000154433	
1210	0.99992	7.97048	0.000159591	
1220	0.99982	9.09056	0.000175094	
1230	0.99992	7.9604	0.000131142	
1240	0.99982	8.26045	0.00014233	
1250	0.99986	8.29049	0.000159475	
1260	0.9998	9.18043	0.000178733	
1270	0.99976	8.72044	0.000145882	
1280	0.99956	9.75038	0.000182773	
1290	0.99974	8.85052	0.000180237	
1300	0.99974	9.59039	0.00016686	
1310	0.99978	9.00032	0.000153584	
1320	0.99982	9.09037	0.000157949	
1330	0.99978	9.09034	0.000166306	
1340	0.99992	8.79039	0.000151179	
1350	0.99992	8.71031	0.000143335	
1360	0.99956	9.09058	0.000214241	
1370	0.9999	8.6204	0.000161217	
1380	0.99972	8.95081	0.00015638	
1390	0.99992	7.54046	0.000161176	
1400	0.99976	9.68056	0.00017431	
1410	0.99976	8.7503	0.000172062	
1420	0.99982	8.9605	0.000169719	
1430	0.99998	8.17045	0.000166856	
1440	0.99972	8.96044	0.000164355	
1450	0.99992	8.43027	0.000156473	
1460	0.99958	9.2404	0.000179115	
1470	0.99992	8.44029	0.000142811	
1480	0.9999	8.75048	0.000153644	
1490	0.99988	8.4804	0.000165396	
1500	0.99992	8.5906	0.000154395	
1510	0.99968	8.3004	0.000184013	
1520	0.99972	9.61022	0.000180735	
1530	0.99984	9.67031	0.000171148	
1540	0.99972	9.36037	0.000172143	
1550	0.99996	7.7303	0.000163569	
1560	0.99974	9.28032	0.000177395	
1570	0.9998	9.22043	0.000160573	
1580	0.99982	8.57049	0.00015723	
1590	0.99974	8.91036	0.000178382	
1600	0.99968	8.57058	0.000146018	
1610	0.99988	9.23043	0.000162976	
1620	0.99982	9.07051	0.000163679	
1630	0.99968	9.65031	0.000192135	
1640	0.99988	8.95018	0.000165631	
1650	0.99976	8.91065	0.000161014	
1660	0.99994	8.30059	0.000144783	
1670	0.99992	9.03047	0.000153791	
1680	0.99964	9.90031	0.000189494	
1690	0.99982	8.83035	0.000181948	
1700	0.9996	9.08034	0.00018747	
1710	0.99962	9.63066	0.000204635	
1720	0.99998	8.26059	0.000144304	
1730	0.99996	8.66046	0.000150546	
1740	0.99968	10.0007	0.00019493	
1750	0.99962	9.39039	0.000164594	
1760	0.99964	8.82046	0.000195668	
1770	0.99966	8.65062	0.000177439	
1780	0.99982	8.56072	0.000147267	
1790	0.99968	9.50059	0.000169928	
1800	0.99962	8.41037	0.000190916	
1810	0.99972	9.44019	0.000213365	
1820	0.99988	9.58042	0.000141369	
1830	0.99976	9.59059	0.000175383	
1840	0.9997	9.54068	0.00017527	
1850	0.99974	8.64026	0.000167666	
1860	0.99972	9.22053	0.000179791	
1870	0.99974	9.24035	0.000184785	
1880	0.99982	8.92037	0.000155697	
1890	0.9997	8.73042	0.000187651	
1900	0.99994	8.43044	0.00015986	
1910	0.99978	8.79037	0.000158267	
1920	0.99974	9.08038	0.000158175	
1930	0.9999	9.16042	0.000157964	
1940	0.99966	9.17055	0.00016188	
1950	0.99986	8.75043	0.000167525	
1960	0.99976	8.8203	0.000154429	
1970	0.99986	8.60032	0.000152871	
1980	0.99974	9.32041	0.000164544	
1990	0.9998	8.80037	0.00016989	
2000	0.9998	9.31038	0.000188775	
2010	0.99972	9.58036	0.000183182	
2020	0.99966	9.53031	0.000178897	
2030	0.99972	9.03047	0.000158515	
2040	0.9997	9.41045	0.000198431	
2050	0.99976	9.70046	0.000174128	
2060	0.99992	8.5205	0.000164913	
2070	0.99966	9.24043	0.000164453	
2080	0.99978	9.16033	0.000175172	
2090	0.99966	9.30029	0.000164207	
2100	0.99964	9.34049	0.000179763	
2110	0.99982	8.93044	0.000162516	
2120	0.99976	9.25042	0.000166435	
2130	0.99976	9.49034	0.000178839	
2140	0.99976	9.02028	0.000170171	
2150	0.99974	8.63063	0.000170103	
2160	0.99968	9.19037	0.000177039	
2170	0.99954	9.43056	0.000183261	
2180	0.99988	8.65091	0.000157332	
2190	0.99972	9.60048	0.000166336	
2200	0.99968	9.23058	0.000162828	
2210	0.9998	8.23059	0.000167897	
2220	0.99956	9.56079	0.000171966	
2230	0.99978	8.81064	0.000154073	
2240	0.99968	8.96049	0.000186927	
2250	0.99958	9.16011	0.00018395	
2260	0.99982	8.90044	0.0001739	
2270	0.99968	9.18035	0.000184486	
2280	0.99954	9.58047	0.000194636	
2290	0.99976	9.89027	0.000178124	
2300	0.9995	9.72014	0.000211083	
2310	0.99966	9.18034	0.000184842	
2320	0.99972	9.45052	0.000159214	
2330	0.99976	9.12033	0.00017417	
2340	0.99972	9.60043	0.000175206	
2350	0.99968	9.34041	0.000169633	
2360	0.99962	9.4805	0.000157928	
2370	0.99954	9.78058	0.000194907	
2380	0.99958	9.22051	0.000179764	
2390	0.99952	9.30046	0.000207308	
2400	0.9996	9.30041	0.000178369	
2410	0.99964	9.2803	0.000174772	
2420	0.99972	9.21055	0.000192174	
2430	0.99966	9.31057	0.000166142	
2440	0.99982	8.20055	0.000154721	
2450	0.99954	9.1504	0.000199573	
2460	0.99956	9.14026	0.000193381	
2470	0.99962	9.00037	0.000176365	
2480	0.99934	9.87044	0.000217805	
2490	0.99978	8.88037	0.000143374	
2500	0.99972	9.61084	0.000172284	
2510	0.99966	9.83099	0.000161914	
2520	0.99956	9.12038	0.000153981	
2530	0.99954	9.22061	0.000174436	
2540	0.99954	9.22033	0.000194192	
2550	0.99976	9.3204	0.000167164	
2560	0.99978	9.15048	0.000179101	
2570	0.99952	9.9404	0.000172396	
2580	0.9994	9.57035	0.000202152	
2590	0.9996	9.33026	0.000189575	
2600	0.99948	9.62047	0.000191402	
2610	0.99966	9.85051	0.000207015	
2620	0.99968	9.40038	0.000167081	
2630	0.99958	8.9303	0.000174437	
2640	0.9997	8.78042	0.000164504	
2650	0.99958	9.89055	0.000163768	
2660	0.99916	9.69035	0.000222292	
2670	0.9996	9.73035	0.000183742	
2680	0.99942	9.74048	0.000199942	
2690	0.99974	9.71064	0.00017871	
2700	0.9995	9.46065	0.000198485	
2710	0.99958	9.7705	0.00020072	
2720	0.99946	9.45076	0.000185888	
2730	0.9999	9.19043	0.000142992	
2740	0.99974	9.23043	0.00016805	
2750	0.99968	9.21036	0.000177582	
2760	0.99944	9.54063	0.000162646	
2770	0.9996	9.60043	0.000156729	
2780	0.9993	9.07046	0.000179969	
2790	0.99952	9.49038	0.000155283	
2800	0.99946	9.6906	0.000166426	
2810	0.99942	9.67031	0.000210461	
2820	0.99942	9.57018	0.000190925	
2830	0.99964	9.39038	0.000186678	
2840	0.99984	8.74033	0.000158754	
2850	0.99948	9.86046	0.000192884	
2860	0.99964	9.31065	0.000172897	
2870	0.9998	8.70053	0.000164559	
2880	0.99938	9.56049	0.000182703	
2890	0.9996	9.4507	0.000166837	
2900	0.99944	9.53084	0.000177048	
2910	0.99928	9.80065	0.000206057	
2920	0.9992	9.68073	0.000219352	
2930	0.99944	10.0006	0.000188978	
2940	0.99964	9.34056	0.000169207	
2950	0.99962	9.34057	0.000190927	
2960	0.99934	9.28039	0.000183952	
2970	0.99952	9.65066	0.000200129	
2980	0.99964	9.40051	0.000175162	
2990	0.99938	9.69039	0.000191605	
3000	0.99988	9.19069	0.000165235	
3010	0.99946	9.88024	0.000184344	
3020	0.9991	9.89034	0.000222358	
3030	0.99948	9.86042	0.000192233	
3040	0.99976	9.20061	0.000163512	
3050	0.99944	9.35069	0.000217362	
3060	0.99964	9.58041	0.000181367	
3070	0.99952	9.47038	0.000163095	
3080	0.99936	9.5706	0.000187773	
3090	0.99976	9.8406	0.000181245	
3100	0.99944	9.80029	0.000202486	
3110	0.99936	9.66057	0.000168928	
3120	0.99958	9.44033	0.000188431	
3130	0.99944	9.66042	0.000199264	
3140	0.99972	9.24032	0.000174191	
3150	0.99956	9.3205	0.000181566	
3160	0.99926	9.67032	0.000189193	
3170	0.99924	9.97078	0.000199424	
3180	0.9993	9.68064	0.000170034	
3190	0.99934	9.16069	0.000176471	
3200	0.9994	9.84063	0.000207366	
3210	0.99952	9.42017	0.000177873	
3220	0.99918	9.83066	0.000226727	
3230	0.99932	9.61063	0.000198055	
3240	0.99936	9.9003	0.000192929	
3250	0.99916	9.8407	0.000212312	
3260	0.99968	9.60031	0.000165199	
3270	0.99902	9.47062	0.000227797	
3280	0.99952	9.53041	0.000211489	
3290	0.99938	9.72066	0.000210705	
3300	0.9994	9.72062	0.000200417	
3310	0.99948	9.59054	0.000210356	
3320	0.99916	9.55045	0.000189365	
3330	0.99916	9.85045	0.00021614	
3340	0.99932	9.59072	0.000195732	
3350	0.99928	9.93081	0.000203344	
3360	0.99932	9.19053	0.00017884	
3370	0.9993	9.69048	0.000205516	
3380	0.99938	9.82046	0.00018223	
3390	0.99868	10.0007	0.000230137	
3400	0.99918	9.96062	0.000191009	
3410	0.99918	9.62057	0.000197845	
3420	0.99836	9.70085	0.000234505	
3430	0.99834	9.72084	0.000206963	
3440	0.9985	10.0008	0.000253556	
3450	0.99888	9.95067	0.00022677	
3460	0.99884	10.0006	0.00023239	
3470	0.99884	9.9004	0.000214211	
3480	0.9989	9.41068	0.000210023	
3490	0.99862	9.98045	0.000224031	
3500	0.99844	10.0003	0.000255106	
3510	0.99828	9.97057	0.000238538	
3520	0.99906	9.7306	0.000223022	
3530	0.99822	9.91055	0.000219978	
3540	0.99892	9.6506	0.000212187	
3550	0.999	9.38053	0.000198335	
3560	0.99908	9.9411	0.00020187	
3570	0.9991	9.8308	0.00020604	
3580	0.99896	9.83046	0.000219944	
3590	0.99884	9.54074	0.000227747	
3600	0.99824	10.0005	0.000246201	
3610	0.99876	9.67054	0.000266957	
3620	0.9982	9.89079	0.000241992	
3630	0.9989	9.7704	0.000225431	
3640	0.99888	9.63071	0.000211222	
3650	0.99882	9.95073	0.000236734	
3660	0.99866	10.001	0.000239995	
3670	0.99948	9.33045	0.000187626	
3680	0.99852	9.83074	0.00021339	
3690	0.99922	9.57059	0.000196469	
3700	0.99856	9.71063	0.000263814	
3710	0.9989	9.59064	0.000251902	
3720	0.99822	10.0005	0.000257895	
3730	0.99868	9.90037	0.000216354	
3740	0.99868	9.95057	0.000228002	
3750	0.99876	10.0011	0.00026403	
3760	0.99894	9.64052	0.000176382	
3770	0.9982	9.85068	0.000279119	
3780	0.99828	10.0006	0.000278599	
3790	0.999	9.86098	0.000229308	
3800	0.99784	10.0006	0.000276474	
3810	0.9988	9.77046	0.00020348	
3820	0.99788	9.88067	0.000300727	
3830	0.99772	10.0006	0.000240416	
3840	0.99804	10.0006	0.000301074	
3850	0.99818	9.90079	0.000258743	
3860	0.99798	9.58036	0.000276755	
3870	0.99846	9.94037	0.000268678	
3880	0.99834	9.9809	0.000267904	
3890	0.99826	9.99057	0.000268976	
3900	0.99886	9.9606	0.000224124	
3910	0.99858	9.96074	0.000244969	
3920	0.99824	9.911	0.000217572	
3930	0.99892	9.93062	0.000229378	
3940	0.999	10.0006	0.000190939	
3950	0.99898	9.68089	0.000218388	
3960	0.99868	9.89066	0.000220819	
3970	0.99844	9.93049	0.000244349	
3980	0.99862	9.76035	0.0002404	
3990	0.99848	9.95072	0.00027621	
4000	0.99796	9.88048	0.000249034	
4010	0.99762	9.88056	0.00028019	
4020	0.99896	9.96033	0.000221963	
4030	0.99832	10.0009	0.000272168	
4040	0.99796	10.0008	0.000260121	
4050	0.99858	9.9507	0.00026256	
4060	0.9986	10.0004	0.000248241	
4070	0.99834	10.0005	0.000260655	
4080	0.99804	9.79123	0.000257611	
4090	0.99872	9.87037	0.000238466	
4100	0.99864	10.0003	0.000242684	
4110	0.99784	9.7509	0.000268715	
4120	0.99808	9.9806	0.000277862	
4130	0.99782	10.0005	0.000275125	
4140	0.9978	10.0005	0.000247772	
4150	0.99886	9.85065	0.000248445	
4160	0.99714	9.8406	0.000311695	
4170	0.99858	9.64047	0.000235373	
4180	0.99788	9.8407	0.000300033	
4190	0.99804	10.0005	0.000262994	
4200	0.99772	9.9607	0.000240317	
4210	0.99744	10.0006	0.000294194	
4220	0.9973	9.98068	0.000344101	
4230	0.99736	9.98089	0.000314933	
4240	0.99834	10.0004	0.000258529	
4250	0.99764	9.91073	0.000275215	
4260	0.99842	9.99043	0.000285608	
4270	0.99776	9.89073	0.000319084	
4280	0.99828	9.95057	0.000229932	
4290	0.99766	9.65044	0.000252127	
4300	0.99838	9.97094	0.000239281	
4310	0.99748	10.0004	0.000283806	
4320	0.99856	9.72055	0.000237708	
4330	0.99812	9.9706	0.000236458	
4340	0.9986	9.54045	0.000220625	
4350	0.99774	9.99049	0.000265134	
4360	0.99838	10.0007	0.000218096	
4370	0.9981	9.87041	0.000255414	
4380	0.99772	9.94048	0.000272167	
4390	0.99762	10.0006	0.000312633	
4400	0.99858	10.0008	0.000203587	
4410	0.99794	9.94073	0.000253668	
4420	0.99758	9.93061	0.000249849	
4430	0.9966	10.0007	0.000314262	
4440	0.99742	9.90082	0.000287812	
4450	0.99722	9.9405	0.000285742	
4460	0.9975	10.0006	0.000273555	
4470	0.9971	9.81092	0.000353671	
4480	0.9982	9.97086	0.000264375	
4490	0.99734	10.0009	0.00034094	
4500	0.99686	10.0011	0.000338748	
4510	0.99782	10.0007	0.00027611	
4520	0.99696	9.87071	0.000345799	
4530	0.99746	10.0004	0.000285604	
4540	0.99696	9.79097	0.000340281	
4550	0.99786	10.0006	0.000285814	
4560	0.99646	10.0003	0.000340411	
4570	0.99666	10.0003	0.000297204	
4580	0.99744	9.97059	0.000246685	
4590	0.99676	10.0007	0.000363329	
4600	0.99744	9.74065	0.000324892	
4610	0.99726	9.9605	0.000287731	
4620	0.99598	10.0005	0.000336218	
4630	0.995	10.001	0.000430732	
4640	0.99666	10.0009	0.000338373	
4650	0.99754	10.0007	0.000277974	
4660	0.99598	10.0007	0.000350235	
4670	0.99614	10.0007	0.000376413	
4680	0.9963	10.0006	0.000350596	
4690	0.9962	10.0006	0.000361228	
4700	0.99676	10.001	0.000309645	
4710	0.99766	9.68061	0.000268995	
4720	0.99708	10.0008	0.000336701	
4730	0.99512	10.0009	0.000380838	
4740	0.99626	10.0006	0.000370892	
4750	0.99628	10.0008	0.000323804	
4760	0.9959	10.0004	0.00030347	
4770	0.99608	10.0008	0.000379424	
4780	0.99582	9.63047	0.000392869	
4790	0.99528	10.0004	0.000404559	
4800	0.9961	10.0009	0.000345782	
4810	0.99594	10.001	0.000403855	
4820	0.99686	10.0012	0.000339591	
4830	0.99596	9.99113	0.000350534	
4840	0.99586	10.0009	0.000343851	
4850	0.9962	10.0005	0.000294562	
4860	0.99596	10.0008	0.000378297	
4870	0.99666	10.0008	0.000366317	
4880	0.99516	10.0006	0.000434835	
4890	0.9956	10.0006	0.000404023	
4900	0.9942	10.0009	0.000387379	
4910	0.99592	10.0004	0.000328336	
4920	0.99624	10.0011	0.000355247	
4930	0.99556	10.0006	0.000356633	
4940	0.99526	10.0007	0.000396162	
4950	0.994	10.0006	0.000427283	
4960	0.99488	10.0007	0.000407492	
4970	0.9962	10.0007	0.000351021	
4980	0.99428	10.0009	0.000439952	
4990	0.9946	10.001	0.000411568	
5000	0.9933	10.0009	0.000521316	
5010	0.99388	10.001	0.000459021	
5020	0.99438	10.0006	0.000414469	
5030	0.99454	10.0008	0.000433521	
5040	0.99662	10.0007	0.000298609	
5050	0.99448	9.80073	0.000416438	
5060	0.996	10.0004	0.000330107	
5070	0.99332	10.0003	0.000427617	
5080	0.996	10.0004	0.00036264	
5090	0.9941	10.0007	0.000445069	
5100	0.99552	10.0008	0.000344952	
5110	0.99698	9.98051	0.000310269	
5120	0.9963	10.0005	0.000325537	
5130	0.99554	10.0006	0.00038058	
5140	0.99364	10.0007	0.00052306	
5150	0.99388	10.0007	0.000430282	
5160	0.99552	10.0005	0.000396668	
5170	0.995	10.0008	0.000372181	
5180	0.99494	10.0007	0.000392901	
5190	0.99434	10.0007	0.00041532	
5200	0.99386	10.0009	0.000451882	
5210	0.9931	10.0003	0.000503307	
5220	0.99334	10.0008	0.000457226	
5230	0.9934	10.0005	0.000404685	
5240	0.99352	9.76068	0.000423428	
5250	0.99262	10.0007	0.000517604	
5260	0.99506	9.92079	0.000399264	
5270	0.99342	10.0009	0.000474782	
5280	0.995	10.0007	0.000336565	
5290	0.99286	10.0008	0.00045822	
5300	0.99362	10.0005	0.000487938	
5310	0.994	10.0008	0.000449091	
5320	0.99142	10.0007	0.000434841	
5330	0.9946	10.0009	0.000433608	
5340	0.99368	10.0006	0.000437027	
5350	0.99388	10.0006	0.000439326	
5360	0.99378	10.0003	0.0004262	
5370	0.9923	10.0007	0.000456171	
5380	0.99346	10.0007	0.000421477	
5390	0.99282	10.0008	0.000463203	
5400	0.99358	10.0006	0.000376677	
5410	0.99276	10.0005	0.000475674	
5420	0.99488	10.0008	0.000475803	
5430	0.99358	10.0011	0.000438807	
5440	0.9935	10.0008	0.000453911	
5450	0.99308	10.0006	0.0005065	
5460	0.99224	10.0005	0.000489287	
5470	0.9926	10.0003	0.000509379	
5480	0.99368	10.0005	0.000483735	
5490	0.99194	10.0008	0.000456679	
5500	0.99258	10.0009	0.000479013	
5510	0.99098	10.0005	0.000477558	
5520	0.99298	10.0004	0.000439932	
5530	0.99176	10.0003	0.000496534	
5540	0.99292	10.0007	0.000477183	
5550	0.99314	10.0004	0.000459288	
5560	0.99158	10.0008	0.00041858	
5570	0.99234	10.0007	0.000491536	
5580	0.9909	10.0005	0.00051971	
5590	0.98952	10.0005	0.000563836	
5600	0.99076	10.0005	0.000519862	
5610	0.98842	10.0003	0.000580295	
5620	0.99108	10.0004	0.000554495	
5630	0.99166	10.0008	0.000585375	
5640	0.98902	10.0007	0.000544494	
5650	0.99044	10.0006	0.000508849	
5660	0.99236	10.0005	0.00049537	
5670	0.9933	10.0006	0.000449274	
5680	0.98638	10.0005	0.000662221	
5690	0.99034	10.0009	0.000545348	
5700	0.98782	10.0004	0.000608338	
5710	0.99114	10.0003	0.000562951	
5720	0.98916	10.0008	0.000543018	
5730	0.98824	10.0004	0.000597063	
5740	0.98668	10.0004	0.00065756	
5750	0.98872	10.0006	0.00057527	
5760	0.98764	10.0005	0.000688588	
5770	0.9874	10.0003	0.000654543	
5780	0.98898	10.0006	0.000555001	
5790	0.98938	10.0009	0.000535139	
5800	0.99122	10.0006	0.000490924	
5810	0.98618	10.0007	0.000694609	
5820	0.98932	10.0007	0.00059964	
5830	0.98654	10.0008	0.000614519	
5840	0.9869	10.0005	0.000638302	
5850	0.98984	10.0005	0.000606606	
5860	0.98998	10.0006	0.000560063	
5870	0.99076	10.0005	0.000589184	
5880	0.99038	10.0007	0.000538099	
5890	0.99096	10.0005	0.000569511	
5900	0.98976	10.0004	0.000643453	
5910	0.98764	10.0005	0.000620369	
5920	0.9911	10.0006	0.000525086	
5930	0.9901	10.0013	0.000600673	
5940	0.9874	10.0005	0.000644405	
5950	0.99118	10.0006	0.000487466	
5960	0.9923	10.0007	0.000520331	
5970	0.98858	10.0005	0.000606382	
5980	0.99074	10.0008	0.000548724	
5990	0.98954	10.0005	0.000588107	
6000	0.98672	10.0006	0.000638314	
6010	0.9865	10.001	0.000680134	
6020	0.98984	10.0008	0.000604955	
6030	0.98524	10.0006	0.000682836	
6040	0.98588	10.0008	0.000730459	
6050	0.98028	10.0005	0.000798442	
6060	0.98974	10.0005	0.00060758	
6070	0.9881	10.0007	0.000562325	
6080	0.98464	10.0005	0.000687932	
6090	0.98736	10.0004	0.000586665	
6100	0.98426	10.0005	0.000651652	
6110	0.98546	10.0009	0.00067359	
6120	0.98846	10.0006	0.000622028	
6130	0.98912	10.0005	0.000550484	
6140	0.98772	10.0009	0.000634374	
6150	0.9837	10.0011	0.000760294	
6160	0.98362	10.0004	0.00068925	
6170	0.98976	10.0006	0.000577572	
6180	0.98924	10.0007	0.000573317	
6190	0.9878	10.0005	0.00063518	
6200	0.98822	10.0005	0.000624272	
6210	0.9881	10.0005	0.000594416	
6220	0.98694	10.0005	0.000649612	
6230	0.9886	10.0008	0.00064611	
6240	0.98314	10.0002	0.000715038	
6250	0.98552	10.0008	0.000649781	
6260	0.98534	10.0006	0.000660159	
6270	0.98396	10.0006	0.000678645	
6280	0.98594	10.0007	0.000615205	
6290	0.98366	10.0006	0.000665597	
6300	0.98406	10.0005	0.000699886	
6310	0.9832	10.0006	0.000754139	
6320	0.9875	10.0003	0.000549372	
6330	0.9867	10.0007	0.000685219	
6340	0.98362	10.0004	0.00068134	
6350	0.9827	10.0005	0.000683325	
6360	0.98404	10.001	0.000753567	
6370	0.98398	10.0008	0.000673902	
6380	0.9799	10.0004	0.000761855	
6390	0.9838	10.0007	0.000584059	
6400	0.98538	10.0005	0.000658115	
6410	0.98382	10.0011	0.000718109	
6420	0.98214	10.0005	0.000818586	
6430	0.98672	10.0003	0.000642033	
6440	0.98424	10.0004	0.000648674	
6450	0.98524	10.0004	0.000708185	
6460	0.98226	10.0005	0.000719042	
6470	0.98446	10.0003	0.000766896	
6480	0.9811	10.0004	0.000788319	
6490	0.97914	10.0003	0.000788633	
6500	0.97838	10.0006	0.000893851	
6510	0.97786	10.0007	0.000795208	
6520	0.9822	10.0005	0.000737077	
6530	0.98576	10.0005	0.000603756	
6540	0.98136	10.0008	0.000745326	
6550	0.98076	10.0005	0.000771802	
6560	0.98876	10.0004	0.000658237	
6570	0.9839	10.0006	0.000735898	
6580	0.9819	10.0005	0.000775787	
6590	0.98304	10.0006	0.000780722	
6600	0.9803	10.0005	0.000798808	
6610	0.98508	10.0007	0.000703501	
6620	0.98532	10.0004	0.00068908	
6630	0.9819	10.0005	0.000714829	
6640	0.97728	10.0003	0.000887308	
6650	0.98004	10.0005	0.000836694	
6660	0.9759	10.0004	0.000854521	
6670	0.97676	10.0004	0.00089305	
6680	0.97238	10.0007	0.000953331	
6690	0.97368	10.0005	0.000928121	
6700	0.97578	10.0005	0.000932109	
6710	0.9732	10.0006	0.000943622	
6720	0.97344	10.0006	0.000962522	
6730	0.96812	10.0005	0.00102186	
6740	0.97714	10.0004	0.000882218	
6750	0.9824	10.0005	0.000821553	
6760	0.9812	10.0004	0.000731109	
6770	0.9721	10.0006	0.000874944	
6780	0.9736	10.0005	0.000931356	
6790	0.97598	10.0008	0.00089514	
6800	0.9787	10.0006	0.000825961	
6810	0.97508	10.0005	0.000926233	
6820	0.97508	10.0007	0.000828413	
6830	0.98154	10.0004	0.00080367	
6840	0.96982	10.0005	0.000977995	
6850	0.97326	10.0002	0.000894698	
6860	0.97364	10.0003	0.000952569	
6870	0.96934	10.0007	0.00106038	
6880	0.96988	10.0006	0.00104983	
6890	0.9697	10.0003	0.00105867	
6900	0.96886	10.0006	0.00109639	
6910	0.96948	10.0008	0.0010116	
6920	0.97338	10.0004	0.000974951	
6930	0.97748	10.0004	0.000922241	
6940	0.96564	10.0007	0.00113153	
6950	0.9689	10.0005	0.000973754	
6960	0.97878	10.0006	0.000815979	
6970	0.97964	10.0006	0.000855906	
6980	0.9784	10.0003	0.000883418	
6990	0.97942	10.0004	0.000845141	
7000	0.97034	10.0003	0.00103805	
7010	0.97082	10.0006	0.000903195	
7020	0.96856	10.0004	0.000933089	
7030	0.97278	10.0004	0.000973797	
7040	0.97108	10.0005	0.000931387	
7050	0.97762	10.0006	0.000878394	
7060	0.97564	10.0004	0.000874923	
7070	0.9693	10.0009	0.000967311	
7080	0.97738	10.0003	0.000878767	
7090	0.97098	10.0008	0.000968136	
7100	0.9761	10.0004	0.000903225	
7110	0.96982	10.0005	0.000956516	
7120	0.9774	10.0005	0.000828746	
7130	0.9696	10.0008	0.000967963	
7140	0.96226	10.0009	0.00115105	
7150	0.96338	10.0005	0.0011382	
7160	0.96784	10.0005	0.000969763	
7170	0.97654	10.0004	0.000929403	
7180	0.97082	10.0004	0.00100388	
7190	0.96804	10.0003	0.00101662	
7200	0.97304	10.0005	0.00105693	
7210	0.97134	10.0006	0.000950938	
7220	0.9808	10.0004	0.000719956	
7230	0.96794	10.0004	0.000975923	
7240	0.96516	10.0004	0.00107879	
7250	0.97156	10.0004	0.000938219	
7260	0.97216	10.0006	0.000894047	
7270	0.96952	10.0005	0.000943973	
7280	0.97216	10.0007	0.00106066	
7290	0.9734	10.0005	0.00089411	
7300	0.97446	10.0002	0.000961818	
7310	0.97332	10.0004	0.00090431	
7320	0.97044	10.0005	0.000953439	
7330	0.96878	10.0005	0.000975727	
7340	0.97002	10.0005	0.00103209	
7350	0.96772	10.0004	0.00108586	
7360	0.97252	10.001	0.000997612	
7370	0.96938	10.0003	0.000978651	
7380	0.9724	10.0005	0.00097779	
7390	0.95866	10.0005	0.00119279	
7400	0.96544	10.0006	0.00110569	
7410	0.9723	10.0005	0.000933022	
7420	0.97022	10.0005	0.000978169	
7430	0.97044	10.0006	0.000953611	
7440	0.965	10.0005	0.00107673	
7450	0.96504	10.0006	0.00113177	
7460	0.97522	10.0004	0.000962195	
7470	0.977	10.0006	0.000772124	
7480	0.97102	10.0006	0.00101117	
7490	0.97418	10.0005	0.000884768	
7500	0.97224	10.0003	0.000952275	
7510	0.97162	10.0005	0.000992782	
7520	0.97412	10.0006	0.000917732	
7530	0.96826	10.0005	0.00109687	
7540	0.96414	10.0004	0.00109217	
7550	0.96378	10.0004	0.00118996	
7560	0.96894	10.0003	0.00105388	
7570	0.96394	10.0002	0.00114424	
7580	0.9741	10.0004	0.00104701	
7590	0.97512	10.0002	0.000883535	
7600	0.97308	10.0005	0.0010085	
7610	0.97166	10.0005	0.000887211	
7620	0.96816	10.0002	0.000971878	
7630	0.9709	10.0003	0.000989594	
7640	0.96342	10.0005	0.0010071	
7650	0.97264	10.0008	0.000906919	
7660	0.96932	10.0005	0.00103295	
7670	0.9702	10.0005	0.000977339	
7680	0.96222	10.001	0.00101571	
7690	0.96978	10.0006	0.00103459	
7700	0.97212	10.0004	0.000992097	
7710	0.9707	10.0003	0.00101536	
7720	0.96972	10.0005	0.00104939	
7730	0.96918	10.0006	0.000939547	
7740	0.96718	10.0002	0.00097388	
7750	0.97282	10.0006	0.0010013	
7760	0.97498	10.0005	0.000957602	
7770	0.97486	10.0004	0.000878254	
7780	0.97044	10.0007	0.00100134	
7790	0.96436	10.0011	0.00111441	
7800	0.96358	10.0006	0.00103774	
7810	0.96068	10.0003	0.00111841	
7820	0.96612	10.0006	0.00105835	
7830	0.97052	10.0004	0.000950658	
7840	0.97274	10.0002	0.0010524	
7850	0.97348	10.0004	0.000976059	
7860	0.97032	10.0006	0.000940674	
7870	0.96642	10.0003	0.00101605	
7880	0.96884	10.0003	0.00101487	
7890	0.96716	10.0004	0.00104353	
7900	0.97054	10.0006	0.00100431	
7910	0.9745	10.0008	0.000862031	
7920	0.96972	10.0006	0.000965141	
7930	0.9705	10.0004	0.000997467	
7940	0.977	10.0003	0.00095933	
7950	0.97656	10.0004	0.000821019	
7960	0.9785	10.0005	0.000799442	
7970	0.97728	10.0002	0.000869514	
7980	0.9688	10.0008	0.000977766	
7990	0.97524	10.0005	0.000890372	
8000	0.97214	10.0004	0.00100747	
8010	0.97478	10.0005	0.000872078	
8020	0.9689	10.0008	0.00103326	
8030	0.96828	10.0007	0.000936639	
8040	0.97548	10.0002	0.000909345	
8050	0.97482	10.0007	0.000905508	
8060	0.98224	10.0003	0.000786937	
8070	0.97736	10.0004	0.000886005	
8080	0.9847	10.0004	0.000708018	
8090	0.97566	10.0002	0.000905766	
8100	0.9759	10.0004	0.000890558	
8110	0.97864	10.0003	0.000834422	
8120	0.96846	10.0004	0.000943531	
8130	0.97264	10.0005	0.00101416	
8140	0.9725	10.0005	0.00091908	
8150	0.97628	10.0002	0.000771661	
8160	0.97412	10.0003	0.000889591	
8170	0.97122	10.0005	0.000902508	
8180	0.9751	10.0004	0.000887981	
8190	0.97702	10.0003	0.000905637	
8200	0.97436	10.0004	0.00087824	
8210	0.97734	10.0005	0.000803792	
8220	0.9704	10.0004	0.000973216	
8230	0.97572	10.0002	0.000873059	
8240	0.9795	10.0004	0.000926941	
8250	0.97232	10.0007	0.000943995	
8260	0.97258	10.0005	0.000916683	
8270	0.97266	10.0005	0.000902436	
8280	0.97874	10.0006	0.000809093	
8290	0.97656	10.0005	0.00087875	
8300	0.96826	10.0004	0.00102449	
8310	0.9704	10.0004	0.00108373	
8320	0.97566	10.0004	0.000944864	
8330	0.9754	10.0004	0.000886458	
8340	0.97322	10.0006	0.000932778	
8350	0.97374	10.0008	0.000865855	
8360	0.97428	10.0003	0.000968031	
8370	0.97212	10.0004	0.000934959	
8380	0.97788	10.0004	0.000807317	
8390	0.97976	10.0006	0.000792525	
8400	0.97626	10.0004	0.000784576	
8410	0.97344	10.0006	0.000959343	
8420	0.9665	10.0004	0.00108726	
8430	0.97012	10.0005	0.00100636	
8440	0.9716	10.0004	0.000958047	
8450	0.974	10.0003	0.000897264	
8460	0.9724	10.0007	0.000867818	
8470	0.97126	10.0003	0.000989473	
8480	0.972	10.0003	0.000969037	
8490	0.97142	10.0004	0.00100209	
8500	0.96596	10.0003	0.00111238	
8510	0.97506	10.0005	0.000936493	
8520	0.96782	10.0006	0.00100775	
8530	0.98328	10.0004	0.000738023	
8540	0.97046	10.0003	0.000890247	
8550	0.9744	10.0006	0.000932884	
8560	0.97668	10.0005	0.00090561	
8570	0.97872	10.0006	0.000826136	
8580	0.9763	10.0005	0.000933945	
8590	0.97314	10.0004	0.000990527	
8600	0.97336	10.0007	0.000894428	
8610	0.97282	10.0006	0.000914101	
8620	0.9774	10.0004	0.00087265	
8630	0.98052	10.0003	0.000727367	
8640	0.97584	10.0002	0.000877823	
8650	0.9756	10.0005	0.000897874	
8660	0.97214	10.0002	0.000915665	
8670	0.97374	10.0004	0.000920639	
8680	0.97714	10.0003	0.00088926	
8690	0.97894	10.0005	0.000929388	
8700	0.9758	10.0003	0.000836814	
8710	0.97762	10.0004	0.000919715	
8720	0.98054	10.0003	0.000807607	
8730	0.97702	10.0004	0.000904127	
8740	0.9782	10.0004	0.00086273	
8750	0.97612	10.0005	0.000925917	
8760	0.96884	10.0006	0.000985484	
8770	0.96466	10.0006	0.00100834	
8780	0.97524	10.0002	0.000897429	
8790	0.96868	10.0006	0.000956518	
8800	0.97338	10.0003	0.000899031	
8810	0.9756	10.0005	0.000861852	
8820	0.97644	10.0003	0.000860735	
8830	0.97442	10.0004	0.000861641	
8840	0.97286	10.0006	0.000962454	
8850	0.9756	10.0003	0.000921569	
8860	0.97106	10.0003	0.000935731	
8870	0.97528	10.0005	0.000901156	
8880	0.96804	10.0002	0.00101416	
8890	0.97568	10.0004	0.000852391	
8900	0.96598	10.0006	0.00106457	
8910	0.96834	10.0003	0.000993149	
8920	0.9692	10.0003	0.000976142	
8930	0.97246	10.0005	0.000988683	
8940	0.96926	10.0004	0.00104609	
8950	0.96624	10.0007	0.00100935	
8960	0.96596	10.0005	0.00111356	
8970	0.97776	10.0005	0.00087514	
8980	0.96236	10.0006	0.00114339	
8990	0.96848	10.0004	0.000996283	
9000	0.9663	10.0006	0.00101607	
9010	0.97112	10.0004	0.000975965	
9020	0.97094	10.0005	0.00090705	
9030	0.97244	10.0003	0.000952079	
9040	0.97406	10.0005	0.000866686	
9050	0.97676	10.0004	0.000893422	
9060	0.97296	10.0003	0.000943216	
9070	0.96856	10.0004	0.00105968	
9080	0.98068	10.0005	0.000707826	
9090	0.97024	10.0002	0.000873187	
9100	0.96832	10.0003	0.000934933	
9110	0.96484	10.0003	0.0011047	
9120	0.96916	10.0003	0.000937531	
9130	0.9708	10.0006	0.0010393	
9140	0.9664	10.0004	0.00110272	
9150	0.97062	10.0004	0.000909506	
9160	0.97834	10.0004	0.000826056	
9170	0.97218	10.0005	0.00101931	
9180	0.98228	10.0004	0.000753378	
9190	0.97962	10.0004	0.000809771	
9200	0.9846	10.0003	0.000706579	
9210	0.9778	10.0002	0.000836731	
9220	0.9751	10.0005	0.000867704	
9230	0.97526	10.0005	0.000850398	
9240	0.9785	10.0005	0.000875867	
9250	0.97746	10.0003	0.000825978	
9260	0.97694	10.0004	0.000817458	
9270	0.98064	10.0002	0.000775012	
9280	0.98432	10.0003	0.00072737	
9290	0.97754	10.0004	0.000784462	
9300	0.97838	10.0003	0.000885291	
9310	0.9701	10.0006	0.000957546	
9320	0.97406	10.0004	0.000901167	
9330	0.9663	10.0004	0.00103745	
9340	0.97756	10.0003	0.000902541	
9350	0.97348	10.0004	0.000968971	
9360	0.97144	10.0003	0.0009876	
9370	0.9645	10.0008	0.00113271	
9380	0.96808	10.0006	0.00103722	
9390	0.96902	10.0005	0.00105245	
9400	0.9681	10.0004	0.00098465	
9410	0.97326	10.0003	0.000835574	
9420	0.97934	10.0003	0.000850311	
9430	0.97484	10.0003	0.000866637	
9440	0.97498	10.0003	0.00090378	
9450	0.97592	10.0003	0.000897885	
9460	0.97342	10.0002	0.000860292	
9470	0.97834	10.0007	0.000787802	
9480	0.97542	10.0003	0.00088441	
9490	0.96954	10.0002	0.000993822	
9500	0.97462	10.0003	0.000897894	
9510	0.96772	10.0005	0.00104649	
9520	0.96426	10.0002	0.00097148	
9530	0.96488	10.0003	0.00100458	
9540	0.97554	10.0007	0.000874064	
9550	0.97238	10.0007	0.000906089	
9560	0.9736	10.0003	0.00093459	
9570	0.9727	10.0003	0.00100767	
9580	0.97344	10.0003	0.000927425	
9590	0.97556	10.0002	0.00097141	
9600	0.97484	10.0005	0.00095974	
9610	0.96796	10.0003	0.00103915	
9620	0.97416	10.0003	0.000924634	
9630	0.96936	10.0005	0.00100101	
9640	0.96764	10.0004	0.000993506	
9650	0.97094	10.0004	0.000996634	
9660	0.96596	10.0005	0.00107384	
9670	0.97564	10.0004	0.000870567	
9680	0.97382	10.0003	0.000932015	
9690	0.96644	10.0007	0.000973809	
9700	0.97106	10.0003	0.00101378	
9710	0.97408	10.0004	0.000928013	
9720	0.9718	10.0006	0.000974643	
9730	0.97382	10.0003	0.000937461	
9740	0.97464	10.0003	0.000844949	
9750	0.96666	10.0003	0.000994797	
9760	0.9649	10.0004	0.00100687	
9770	0.9734	10.0002	0.000918223	
9780	0.97702	10.0005	0.000845767	
9790	0.97326	10.0005	0.000979258	
9800	0.9654	10.0005	0.00109887	
9810	0.97688	10.0003	0.000819289	
9820	0.97384	10.0003	0.000876951	
9830	0.97374	10.0005	0.000845969	
9840	0.97096	10.0005	0.00101392	
9850	0.96754	10.0004	0.00108728	
9860	0.96678	10.0004	0.00097766	
9870	0.97682	10.0006	0.000937672	
9880	0.97218	10.0005	0.00101783	
9890	0.97636	10.0004	0.000926263	
9900	0.97442	10.0005	0.000917151	
9910	0.97208	10.0004	0.000900003	
9920	0.97318	10.0003	0.000942576	
9930	0.97588	10.0004	0.000943634	
9940	0.96566	10.0004	0.00105241	
9950	0.96942	10.0002	0.000975777	
9960	0.96746	10.0006	0.00104855	
9970	0.96728	10.0003	0.00102186	
9980	0.9732	10.0005	0.000910491	
9990	0.97534	10.0004	0.000840549	
