G	ifd_prop	time_to_IFD	sd_intake	
0	0.99984	8.79055	0.000162969	
10	0.99992	8.07034	0.000159485	
20	0.99996	8.35052	0.000161156	
30	0.99988	9.05053	0.000144459	
40	0.99996	7.79048	0.000155252	
50	0.99996	8.48033	0.000169928	
60	0.99984	8.81067	0.000158052	
70	0.99994	8.76064	0.000164021	
80	1	7.73047	0.000154851	
90	0.99992	7.75069	0.000142125	
100	0.99998	8.40038	0.00015058	
110	0.99996	8.34026	0.000152317	
120	0.99986	9.20058	0.00017296	
130	0.9999	8.52028	0.000159316	
140	0.99994	8.54054	0.00014706	
150	0.99992	9.02049	0.000147849	
160	0.99988	9.1206	0.000185393	
170	0.9999	9.08057	0.000140018	
180	0.99998	7.73077	0.000143267	
190	0.99998	7.94034	0.000140346	
200	0.9999	8.49035	0.000146476	
210	0.99988	8.29052	0.000155435	
220	0.99986	8.01072	0.000147709	
230	0.99984	8.40029	0.000148132	
240	0.99992	8.03022	0.000153312	
250	0.99986	8.39051	0.000174855	
260	0.99982	9.58042	0.000154013	
270	0.99992	8.67057	0.000172762	
280	0.99988	8.5701	0.000146171	
290	0.99992	8.93022	0.000160723	
300	0.9999	8.33035	0.000146079	
310	0.99992	7.97066	0.000137484	
320	0.9999	8.52063	0.000158207	
330	0.99994	7.54055	0.0001577	
340	0.99996	8.6605	0.000152682	
350	0.99986	8.54037	0.000159514	
360	0.99988	8.70043	0.000166999	
370	0.99996	9.11035	0.000158676	
380	0.99986	9.06034	0.000155267	
390	0.99994	8.30023	0.000157719	
400	0.99984	9.4003	0.000159038	
410	0.99976	8.63043	0.000179027	
420	0.99992	8.58033	0.000161104	
430	0.9999	7.96071	0.000163302	
440	0.99984	8.37043	0.00015002	
450	0.99986	8.64036	0.000173204	
460	0.99986	9.13028	0.000175871	
470	0.99986	8.53029	0.000158555	
480	1	7.89017	0.000160034	
490	0.99998	7.73056	0.000147911	
500	0.99986	8.86034	0.000152758	
510	0.99994	8.97019	0.000143128	
520	0.99984	8.53023	0.000151029	
530	0.9998	9.06044	0.000170613	
540	0.99992	8.15053	0.000153694	
550	0.99994	8.27051	0.000161595	
560	0.99998	8.56041	0.000152432	
570	0.99988	8.73034	0.000165735	
580	0.9999	8.30018	0.000155638	
590	0.99986	9.08036	0.000182298	
600	0.99988	7.82042	0.000163354	
610	0.99998	7.61044	0.000150281	
620	0.99992	8.42032	0.000149006	
630	0.99988	9.19038	0.000167465	
640	1	8.48032	0.000149056	
650	0.9999	9.18061	0.000153646	
660	0.99976	8.98021	0.000192148	
670	0.99992	9.00052	0.000149138	
680	0.99984	9.04058	0.000163543	
690	0.99994	8.07051	0.000182846	
700	0.99992	8.68038	0.000146876	
710	0.99994	8.26035	0.000167999	
720	0.99992	8.25044	0.000156329	
730	0.99986	8.6103	0.000156886	
740	0.9999	8.70042	0.000157625	
750	0.99986	8.5003	0.000145315	
760	0.99978	9.16053	0.000155666	
770	0.99988	8.82031	0.000158025	
780	0.99988	8.85076	0.000166833	
790	0.9999	8.63035	0.000163392	
800	1	7.4302	0.000158581	
810	0.99976	9.08058	0.000170677	
820	1	7.19086	0.000143434	
830	0.99982	8.06039	0.000172625	
840	0.99996	7.61036	0.000152469	
850	0.99984	8.2902	0.000178848	
860	0.99996	7.42058	0.000160455	
870	0.99992	7.95032	0.000153575	
880	0.99984	8.2403	0.000158512	
890	0.99996	8.37037	0.00014108	
900	0.99986	8.80048	0.000180813	
910	0.99994	8.01045	0.000147573	
920	0.99994	7.73052	0.000165701	
930	1	8.15062	0.000145319	
940	1	7.77046	0.000169517	
950	0.99988	8.62028	0.000151816	
960	0.99996	8.36049	0.00014881	
970	0.9999	8.20034	0.000162845	
980	0.99998	8.03045	0.000142875	
990	0.99986	8.58037	0.000177064	
1000	0.99986	9.06041	0.000160604	
1010	0.99976	9.23035	0.000190754	
1020	0.9999	8.0705	0.000169589	
1030	0.99996	8.47032	0.000147305	
1040	0.99992	8.77045	0.000155282	
1050	0.99978	8.84023	0.000177546	
1060	0.9999	8.34041	0.00014938	
1070	0.99992	8.61048	0.00015405	
1080	0.99988	8.68043	0.00014655	
1090	0.99992	8.07044	0.000141387	
1100	0.99976	8.73043	0.000183342	
1110	0.9999	7.6503	0.000166808	
1120	0.99996	8.16052	0.000151381	
1130	0.99996	7.30038	0.000146251	
1140	0.99994	8.17035	0.000168958	
1150	0.99986	8.6202	0.00014389	
1160	0.99978	9.13059	0.000179063	
1170	0.9999	8.90038	0.000152888	
1180	0.99988	8.48037	0.000158029	
1190	0.99992	8.41046	0.000151297	
1200	0.99996	7.8106	0.000157693	
1210	0.9999	8.27031	0.000154178	
1220	0.99994	7.83028	0.000149991	
1230	0.99986	8.66055	0.000175317	
1240	0.9999	8.81036	0.000167664	
1250	0.9999	8.13028	0.000162908	
1260	0.9997	9.10032	0.000183153	
1270	0.99986	8.79036	0.00014811	
1280	0.99968	9.34058	0.000175331	
1290	0.99992	7.97057	0.000147139	
1300	0.99982	9.58046	0.00016963	
1310	0.99998	8.11035	0.000148024	
1320	0.99986	7.74042	0.000167721	
1330	0.99984	8.90047	0.000153859	
1340	0.99974	9.18026	0.000158227	
1350	0.99994	8.93036	0.000167876	
1360	0.9999	8.5505	0.000147888	
1370	0.9999	8.90024	0.00015764	
1380	0.99986	8.70049	0.000177277	
1390	0.99998	8.01035	0.000154204	
1400	0.99986	8.40051	0.000160903	
1410	0.99982	8.96033	0.000170137	
1420	0.99978	9.13043	0.000161241	
1430	0.99968	9.47035	0.000191154	
1440	0.9999	8.35043	0.000169463	
1450	0.99984	8.48037	0.000176989	
1460	0.9998	8.31062	0.000162981	
1470	0.99988	8.82021	0.000161501	
1480	0.9997	9.91044	0.00015737	
1490	0.9997	9.03009	0.000182142	
1500	0.99992	8.10031	0.000144732	
1510	0.99964	9.31033	0.00018174	
1520	0.99976	8.61037	0.000171752	
1530	0.99976	8.71043	0.000154447	
1540	0.99982	8.88048	0.000171792	
1550	0.99986	8.94035	0.000155066	
1560	0.99992	8.42049	0.000162948	
1570	0.99972	9.21051	0.000174323	
1580	0.99984	8.87082	0.000158122	
1590	0.99986	8.74028	0.000159459	
1600	0.99982	8.74045	0.000157817	
1610	0.99984	9.10039	0.000157638	
1620	0.99988	8.74037	0.000168566	
1630	0.99982	9.18032	0.000161985	
1640	0.99994	8.77052	0.000174508	
1650	0.99986	9.16026	0.000157396	
1660	0.99978	9.30053	0.000177053	
1670	0.99986	9.1003	0.000156429	
1680	0.9996	9.58032	0.000192263	
1690	0.9999	8.93069	0.000168752	
1700	0.9998	9.08036	0.000166485	
1710	0.9998	9.10047	0.000153475	
1720	0.99978	9.30043	0.000180564	
1730	0.99964	9.45048	0.000172926	
1740	0.99986	8.78078	0.000148123	
1750	0.99956	9.8305	0.000174821	
1760	0.9996	9.44043	0.000188422	
1770	0.99982	8.86034	0.000164051	
1780	0.99968	9.72031	0.000179314	
1790	0.99992	9.39059	0.00014804	
1800	0.99992	8.18046	0.000151618	
1810	0.99968	8.94065	0.000172288	
1820	0.99972	9.14061	0.000151352	
1830	0.9999	8.88033	0.000157488	
1840	0.99982	9.19058	0.000149778	
1850	0.99974	8.84027	0.000163046	
1860	0.99984	8.82024	0.000154885	
1870	0.99976	9.02032	0.000176008	
1880	0.99972	9.15043	0.000175903	
1890	0.9997	9.27057	0.000168416	
1900	0.99994	9.12082	0.000151558	
1910	0.99978	9.61024	0.000178685	
1920	0.9998	8.71041	0.000167357	
1930	0.99988	7.97056	0.000146981	
1940	0.99988	8.29038	0.000175096	
1950	0.99978	9.67038	0.000177917	
1960	0.99958	9.66034	0.000176057	
1970	0.99954	9.74022	0.000186573	
1980	0.9999	9.10063	0.000152019	
1990	0.9997	9.53047	0.000151605	
2000	0.99976	9.76055	0.000180811	
2010	0.9997	9.56056	0.000167709	
2020	0.99976	8.54066	0.00016956	
2030	0.99972	9.37055	0.00016798	
2040	0.9998	9.27044	0.000169058	
2050	0.99968	9.81053	0.000183494	
2060	0.99976	9.31043	0.000165282	
2070	0.9998	8.7404	0.000155812	
2080	0.99978	9.47038	0.000166939	
2090	0.99968	9.10043	0.000163341	
2100	0.99976	9.26022	0.000166538	
2110	0.99996	8.74032	0.000143984	
2120	0.9996	9.66036	0.000162373	
2130	0.99968	9.41053	0.00020088	
2140	0.99948	9.59073	0.000191344	
2150	0.99976	9.35027	0.000175824	
2160	0.99964	9.54038	0.000189133	
2170	0.99952	9.66055	0.000182819	
2180	0.99982	8.28044	0.000156483	
2190	0.99988	8.84028	0.000172042	
2200	0.99978	8.95055	0.000173245	
2210	0.99936	8.9504	0.000206466	
2220	0.99968	9.16046	0.000166451	
2230	0.99976	9.25046	0.000174525	
2240	0.99944	9.73062	0.000188617	
2250	0.99964	8.93051	0.000185415	
2260	0.9999	8.9807	0.000142562	
2270	0.99952	9.14044	0.000168857	
2280	0.99974	8.78044	0.000174475	
2290	0.99976	9.10058	0.000192622	
2300	0.9995	9.93031	0.000202458	
2310	0.9998	9.34034	0.000165536	
2320	0.99972	9.42052	0.000174203	
2330	0.9995	9.56075	0.000191701	
2340	0.99978	9.20038	0.000157089	
2350	0.99936	9.89049	0.000190553	
2360	0.99976	9.29075	0.000171609	
2370	0.99928	9.86043	0.000199092	
2380	0.99966	8.80043	0.000181344	
2390	0.99974	9.35037	0.00016118	
2400	0.99922	9.71034	0.000217733	
2410	0.9995	9.63091	0.000171203	
2420	0.99946	9.51062	0.000191691	
2430	0.9998	9.1106	0.000155865	
2440	0.99966	9.08034	0.000200199	
2450	0.99932	9.55078	0.000198889	
2460	0.99948	9.67067	0.000182817	
2470	0.99974	9.0406	0.000168949	
2480	0.99974	9.21048	0.00016901	
2490	0.99974	9.32049	0.000157996	
2500	0.99936	9.74056	0.000208679	
2510	0.99984	8.82042	0.000159134	
2520	0.99962	9.6306	0.000180437	
2530	0.99968	9.11033	0.000175551	
2540	0.99948	9.8905	0.000196275	
2550	0.9995	9.68045	0.000203742	
2560	0.99942	9.60048	0.000184619	
2570	0.99954	9.5604	0.000188428	
2580	0.9996	9.54036	0.000190701	
2590	0.99954	9.65046	0.000199718	
2600	0.99966	9.72047	0.000177584	
2610	0.9992	9.56035	0.000213889	
2620	0.99944	9.80068	0.000223234	
2630	0.99944	9.69037	0.000170733	
2640	0.99944	9.35067	0.000176649	
2650	0.99952	9.12022	0.000148345	
2660	0.99968	9.49032	0.000176413	
2670	0.9994	9.86049	0.000229035	
2680	0.9996	9.78052	0.000175271	
2690	0.99928	10.0005	0.000200113	
2700	0.99968	9.3104	0.000171132	
2710	0.9992	9.96023	0.000206337	
2720	0.9996	9.49045	0.00016737	
2730	0.99954	9.22062	0.000201242	
2740	0.99946	9.8105	0.000172497	
2750	0.99924	10.0007	0.000193941	
2760	0.9996	8.92097	0.000195241	
2770	0.99932	9.50036	0.000203448	
2780	0.99948	9.85077	0.000191153	
2790	0.9993	9.71056	0.000199079	
2800	0.9997	9.32097	0.000153664	
2810	0.9993	9.64043	0.00018446	
2820	0.99924	9.40036	0.00023411	
2830	0.99938	9.71069	0.000187981	
2840	0.99904	10.0006	0.0002054	
2850	0.99912	9.97054	0.000223911	
2860	0.9995	9.80072	0.00015994	
2870	0.99936	9.84054	0.000189996	
2880	0.99948	9.42038	0.000216652	
2890	0.9992	9.4904	0.000192565	
2900	0.99962	9.62052	0.000203228	
2910	0.99928	9.84088	0.000212885	
2920	0.99866	10.0005	0.000232375	
2930	0.9998	8.75076	0.000153325	
2940	0.99952	9.84075	0.000172266	
2950	0.99952	9.34042	0.000175847	
2960	0.99956	9.87083	0.000202241	
2970	0.99926	9.92055	0.000191431	
2980	0.99896	9.97052	0.000219959	
2990	0.99912	9.53063	0.000190403	
3000	0.99922	9.63047	0.000203525	
3010	0.99918	9.77044	0.000187524	
3020	0.99948	9.84043	0.000190857	
3030	0.99948	9.72053	0.000178205	
3040	0.99948	9.67057	0.000208375	
3050	0.99914	9.54074	0.000217457	
3060	0.9987	10.0006	0.000268454	
3070	0.9994	9.71041	0.000172873	
3080	0.99934	9.56054	0.000210241	
3090	0.99932	9.59064	0.000198738	
3100	0.99898	9.97035	0.000246774	
3110	0.9992	9.81036	0.000196262	
3120	0.99932	9.55062	0.000189563	
3130	0.99908	10.0006	0.000227281	
3140	0.99966	9.24042	0.000178972	
3150	0.9992	9.71076	0.000207862	
3160	0.99904	9.8407	0.000213403	
3170	0.99916	9.8105	0.000160395	
3180	0.99844	10.0007	0.0002282	
3190	0.9993	9.49061	0.00020503	
3200	0.99932	9.3707	0.000190004	
3210	0.999	9.99086	0.000205395	
3220	0.99844	10.0005	0.000258012	
3230	0.99944	9.3405	0.000174107	
3240	0.99876	9.64076	0.000215717	
3250	0.99916	9.91073	0.000201967	
3260	0.99912	9.70052	0.000221654	
3270	0.99918	9.9506	0.000192344	
3280	0.99894	9.77043	0.000207701	
3290	0.99846	10.0007	0.000264519	
3300	0.99856	9.59085	0.000238414	
3310	0.99858	9.84043	0.000232016	
3320	0.99918	9.50088	0.000197998	
3330	0.9992	9.80069	0.000175799	
3340	0.99898	9.90061	0.000247435	
3350	0.9986	9.89038	0.000265073	
3360	0.99872	10.0005	0.000235107	
3370	0.99856	9.93048	0.00021965	
3380	0.99928	9.72026	0.000184119	
3390	0.99902	9.70045	0.000213255	
3400	0.99834	9.92058	0.000243414	
3410	0.99896	10.0009	0.00020964	
3420	0.99912	9.7506	0.000208981	
3430	0.9993	9.69066	0.000191273	
3440	0.99886	9.78104	0.000251278	
3450	0.99826	9.83069	0.000253381	
3460	0.99876	9.9505	0.000240642	
3470	0.99878	9.62068	0.000221684	
3480	0.9988	10.0005	0.000217711	
3490	0.9982	9.9007	0.000226999	
3500	0.99884	9.8206	0.000224029	
3510	0.99892	9.78055	0.000224029	
3520	0.9989	9.65038	0.000196268	
3530	0.99864	10.0006	0.000256945	
3540	0.99884	9.84045	0.000231269	
3550	0.99844	10.0009	0.000239067	
3560	0.99862	10.0006	0.000240937	
3570	0.99834	9.73098	0.000262338	
3580	0.99836	9.80081	0.000264845	
3590	0.99838	10.0007	0.000233348	
3600	0.99844	9.9407	0.000268664	
3610	0.99876	9.84045	0.000245207	
3620	0.99854	9.84089	0.00026958	
3630	0.99842	9.85044	0.000295929	
3640	0.99846	10.0005	0.000228732	
3650	0.99872	9.90081	0.000229591	
3660	0.99892	9.77039	0.000205588	
3670	0.9985	10.0004	0.000215397	
3680	0.9983	9.75072	0.000272478	
3690	0.99834	10.0005	0.000279931	
3700	0.9981	9.78048	0.000269072	
3710	0.99858	9.9203	0.000242491	
3720	0.99818	9.86061	0.000294734	
3730	0.99926	9.90079	0.000206957	
3740	0.99908	9.84056	0.000217157	
3750	0.99878	9.9608	0.000248919	
3760	0.99886	9.97073	0.00020381	
3770	0.99864	9.84067	0.000238248	
3780	0.99872	10.0012	0.000215663	
3790	0.99866	9.86055	0.000255681	
3800	0.99858	9.75064	0.000255179	
3810	0.99896	9.8005	0.000220174	
3820	0.99842	10.0006	0.000269958	
3830	0.99802	10.0005	0.000240904	
3840	0.9981	10.0001	0.000273226	
3850	0.99834	9.71062	0.000246186	
3860	0.99838	10.0004	0.000246365	
3870	0.99848	10.0007	0.000282132	
3880	0.99834	10.0004	0.000228597	
3890	0.99868	10.0007	0.000234221	
3900	0.99854	10.0008	0.000287018	
3910	0.99886	9.82057	0.000207238	
3920	0.9992	9.88062	0.000224629	
3930	0.99842	9.96046	0.000228322	
3940	0.99866	10.0008	0.000256114	
3950	0.99814	10.0009	0.000280418	
3960	0.99826	10.0007	0.00026876	
3970	0.99846	9.83072	0.000245338	
3980	0.99802	10.0005	0.000253825	
3990	0.99786	9.9107	0.000234762	
4000	0.9985	9.89043	0.00026202	
4010	0.99868	9.56064	0.000229031	
4020	0.99768	10.0008	0.000281379	
4030	0.99874	10.0003	0.000182686	
4040	0.99866	9.69086	0.000234686	
4050	0.9984	10.0003	0.000278264	
4060	0.9984	9.79057	0.000208705	
4070	0.99906	10.0009	0.000213429	
4080	0.99884	9.73065	0.000205316	
4090	0.99894	9.83047	0.000178366	
4100	0.99844	9.84063	0.000220091	
4110	0.99892	9.95054	0.0002235	
4120	0.99776	9.9707	0.000316464	
4130	0.99858	9.83068	0.000230251	
4140	0.99814	10.0009	0.000273507	
4150	0.9979	10.0005	0.000271098	
4160	0.99906	10.0008	0.000209805	
4170	0.99842	9.99064	0.000239832	
4180	0.99838	9.89079	0.00027203	
4190	0.99772	9.81046	0.000280607	
4200	0.9985	9.79063	0.000249494	
4210	0.99878	9.72082	0.000225515	
4220	0.99838	9.87091	0.000225904	
4230	0.99848	9.80119	0.000246549	
4240	0.99866	10.0006	0.000203494	
4250	0.99828	10.0005	0.000269161	
4260	0.9986	9.9207	0.000277692	
4270	0.99776	9.91081	0.000281725	
4280	0.99858	10.0009	0.000225975	
4290	0.99846	9.97064	0.000231308	
4300	0.99862	9.75093	0.000239448	
4310	0.99866	9.84085	0.000229737	
4320	0.99828	10.0007	0.000245619	
4330	0.99784	9.71078	0.000314143	
4340	0.99856	9.82079	0.000225115	
4350	0.9978	10.0006	0.000269399	
4360	0.99814	9.63066	0.000255258	
4370	0.99768	9.86048	0.000238608	
4380	0.99786	10.0005	0.000299637	
4390	0.9988	9.79084	0.000217241	
4400	0.9977	10.0006	0.000331188	
4410	0.9975	10.0009	0.000339905	
4420	0.99754	10.0006	0.000335823	
4430	0.99802	9.80056	0.000259963	
4440	0.99834	9.91031	0.000255525	
4450	0.9973	10.001	0.000299052	
4460	0.99718	10.0004	0.000304056	
4470	0.99838	9.92065	0.000201238	
4480	0.9991	9.76045	0.000225044	
4490	0.9986	10.001	0.000248466	
4500	0.99868	10.0007	0.00026712	
4510	0.99832	9.94047	0.000251541	
4520	0.99836	9.74082	0.00024132	
4530	0.99744	10.0006	0.00030692	
4540	0.99842	9.77081	0.000204527	
4550	0.9978	9.78052	0.000274396	
4560	0.99834	9.79066	0.000246059	
4570	0.99842	9.83091	0.00022345	
4580	0.99804	10.0009	0.000296246	
4590	0.99774	10.0004	0.000344838	
4600	0.9986	9.92076	0.000255589	
4610	0.99846	10.0007	0.000249623	
4620	0.99824	10.0008	0.000236268	
4630	0.99884	9.76052	0.000208061	
4640	0.9985	9.5509	0.000244288	
4650	0.99862	9.86039	0.000243117	
4660	0.998	10.0005	0.000275193	
4670	0.99926	9.42044	0.000193918	
4680	0.99848	10.0007	0.000213432	
4690	0.9987	9.97061	0.000198184	
4700	0.99812	9.7905	0.000284065	
4710	0.99844	9.62035	0.000254312	
4720	0.9985	9.87062	0.000226001	
4730	0.9983	9.94083	0.00027046	
4740	0.99852	9.90052	0.000253608	
4750	0.99836	9.9305	0.000293251	
4760	0.99804	9.78055	0.000269791	
4770	0.99902	9.51039	0.000206398	
4780	0.99816	10.0007	0.00027872	
4790	0.9984	9.8409	0.000254536	
4800	0.99734	10.0005	0.000274236	
4810	0.99752	10.0007	0.000293587	
4820	0.9979	10.0006	0.000252406	
4830	0.998	9.8507	0.000248439	
4840	0.99694	10.0003	0.000305978	
4850	0.997	10.0009	0.000346493	
4860	0.99808	10.0004	0.000261816	
4870	0.99728	10.0005	0.00032551	
4880	0.99714	10.0009	0.0002781	
4890	0.99758	10.001	0.00031834	
4900	0.99698	10.0007	0.00033357	
4910	0.99774	10.0008	0.000267702	
4920	0.99738	9.71034	0.00026661	
4930	0.99762	10.0005	0.000275214	
4940	0.99784	10.001	0.000307562	
4950	0.99672	10.0005	0.000298857	
4960	0.99674	10.0007	0.00031991	
4970	0.99712	9.91055	0.000306596	
4980	0.9975	9.87063	0.000253859	
4990	0.9973	9.76071	0.000295311	
5000	0.99814	9.88082	0.000264265	
5010	0.99814	9.86066	0.000269023	
5020	0.9964	10.0006	0.000350606	
5030	0.99792	9.94068	0.000280029	
5040	0.99726	10.0007	0.000279974	
5050	0.99794	10.0006	0.000300318	
5060	0.99754	10.0006	0.000290906	
5070	0.99714	10.0007	0.000320182	
5080	0.99724	10.0007	0.00033491	
5090	0.99752	9.81112	0.000268589	
5100	0.99716	10.0007	0.000335575	
5110	0.99716	10.0012	0.00030071	
5120	0.99742	10.0009	0.000315793	
5130	0.99736	9.96056	0.000273527	
5140	0.99702	9.8706	0.000345822	
5150	0.99662	10.0007	0.000370582	
5160	0.99762	9.97063	0.000259308	
5170	0.99728	10.0008	0.000302754	
5180	0.99796	9.90105	0.000288581	
5190	0.99726	10.0007	0.000282404	
5200	0.9967	10.0008	0.000357011	
5210	0.99648	10.0013	0.000385356	
5220	0.9971	10.0009	0.000337985	
5230	0.99776	10.0003	0.000253552	
5240	0.9974	9.86067	0.000328435	
5250	0.9972	9.97058	0.000290726	
5260	0.99748	9.88042	0.000299497	
5270	0.99704	9.81105	0.000322635	
5280	0.99766	10.0007	0.000278234	
5290	0.9967	10.0008	0.00037104	
5300	0.99808	9.99077	0.000270759	
5310	0.99728	10.0007	0.000344718	
5320	0.99664	9.9106	0.00029441	
5330	0.99716	10.0011	0.0003459	
5340	0.9968	10.0008	0.000280848	
5350	0.99694	10.0005	0.000334042	
5360	0.9957	10.0006	0.000399691	
5370	0.99772	10.0006	0.00027632	
5380	0.99734	10.0005	0.000288376	
5390	0.99662	10.0007	0.000366761	
5400	0.99722	10.0006	0.000320735	
5410	0.99708	10.0005	0.000375338	
5420	0.99802	10.0006	0.000264228	
5430	0.99798	9.9603	0.00022117	
5440	0.99676	10.0007	0.000309142	
5450	0.9971	10.0008	0.000333953	
5460	0.99628	10.0004	0.000350016	
5470	0.99718	10.0006	0.000296671	
5480	0.996	10.0004	0.000363686	
5490	0.99586	10.001	0.000368542	
5500	0.99604	10.0009	0.000355842	
5510	0.99658	10.0005	0.000382743	
5520	0.9951	10.0012	0.000391476	
5530	0.99604	10.0007	0.000334362	
5540	0.99664	10.0007	0.000329361	
5550	0.99678	9.9907	0.000344735	
5560	0.99584	10.0007	0.000394159	
5570	0.99564	10.0006	0.000372619	
5580	0.99614	10.0007	0.000367446	
5590	0.9957	10.0008	0.000421585	
5600	0.99688	10.0013	0.000336085	
5610	0.99752	9.74064	0.000298226	
5620	0.99692	10.0008	0.000358544	
5630	0.99454	10.0011	0.000415616	
5640	0.99582	10.0012	0.000381781	
5650	0.996	10.0007	0.000386642	
5660	0.99492	10.0008	0.000454749	
5670	0.99532	10.0008	0.000401838	
5680	0.99466	10.0007	0.000424436	
5690	0.9948	10.0007	0.000434633	
5700	0.9947	10.0007	0.000417929	
5710	0.99528	10.0009	0.000347166	
5720	0.99536	10.0004	0.000414987	
5730	0.99568	10.0007	0.000437543	
5740	0.99462	10.0007	0.000399109	
5750	0.99682	10.0007	0.000302388	
5760	0.99582	10.0006	0.000357301	
5770	0.9957	10.0005	0.000368724	
5780	0.99576	10.001	0.000390048	
5790	0.99606	10.0011	0.000379453	
5800	0.99566	10.0008	0.000369493	
5810	0.99622	10.0004	0.00035179	
5820	0.9972	9.92091	0.000315553	
5830	0.99666	10.0004	0.000343127	
5840	0.99534	10.0007	0.000376838	
5850	0.9955	10.001	0.000367189	
5860	0.99776	10.0011	0.000271539	
5870	0.99592	10.0009	0.000335902	
5880	0.99514	10.0007	0.000419868	
5890	0.9958	10.0009	0.000393517	
5900	0.99498	9.89123	0.0004033	
5910	0.9944	10.0007	0.000391868	
5920	0.99514	10.0013	0.000408845	
5930	0.99486	10.0009	0.000409343	
5940	0.99612	10.0014	0.000335865	
5950	0.99572	10.0005	0.000371267	
5960	0.9936	10.0007	0.00044186	
5970	0.99566	9.94158	0.000331092	
5980	0.99612	10.0014	0.000358374	
5990	0.99454	9.93102	0.00039117	
6000	0.99678	10.0008	0.000278952	
6010	0.99548	10.0007	0.000375634	
6020	0.99582	9.91093	0.000336882	
6030	0.99656	10.0007	0.00031985	
6040	0.99524	10.0008	0.000401823	
6050	0.99636	9.86053	0.000321401	
6060	0.99584	10.0006	0.000378171	
6070	0.99526	10.0009	0.000471997	
6080	0.99376	10.0005	0.000459346	
6090	0.99502	10.0005	0.000429596	
6100	0.9958	9.86074	0.000383858	
6110	0.99508	9.93072	0.000398359	
6120	0.99458	10.0007	0.000409496	
6130	0.9947	10.0007	0.000473298	
6140	0.99484	10.0006	0.000432118	
6150	0.99472	10.0005	0.000410519	
6160	0.99604	10.0007	0.000392989	
6170	0.99404	10.0009	0.000443384	
6180	0.99416	10.0005	0.000449425	
6190	0.99388	10.0004	0.000452174	
6200	0.9953	10.0005	0.000369456	
6210	0.99376	10.0006	0.000405893	
6220	0.99328	10.0006	0.000480751	
6230	0.99482	10.001	0.000464519	
6240	0.99416	10.001	0.000377045	
6250	0.99466	10.0006	0.000383059	
6260	0.993	10.0009	0.00043611	
6270	0.99326	10.0007	0.000441378	
6280	0.9923	10.0011	0.000513657	
6290	0.99406	10.0015	0.000447913	
6300	0.99118	10.0004	0.000541161	
6310	0.99272	10.0005	0.000494653	
6320	0.99126	10.001	0.000481555	
6330	0.9908	10.0013	0.000555477	
6340	0.99244	10.0011	0.000484414	
6350	0.99154	10.0005	0.000547993	
6360	0.99226	10.0009	0.000463728	
6370	0.99264	10.0006	0.000511363	
6380	0.9918	10.0013	0.000497178	
6390	0.99036	10.0006	0.000527296	
6400	0.99248	10.0008	0.000479548	
6410	0.9936	10.0005	0.000398891	
6420	0.99168	10.0005	0.000494654	
6430	0.9933	10.001	0.000445815	
6440	0.99208	10.001	0.000455047	
6450	0.9913	10.001	0.00051018	
6460	0.99142	10.0008	0.000527693	
6470	0.9908	10.0006	0.000525595	
6480	0.9921	9.95084	0.000508112	
6490	0.99282	10.0004	0.000521708	
6500	0.9934	10.0008	0.00041331	
6510	0.99066	10.001	0.000593192	
6520	0.99188	10.001	0.000527249	
6530	0.9902	10.0006	0.000528718	
6540	0.99236	10.0009	0.00053335	
6550	0.99156	10.0009	0.000508585	
6560	0.98992	10.0008	0.000557064	
6570	0.9902	10.0011	0.000593469	
6580	0.98762	10.0009	0.000642844	
6590	0.9866	10.0008	0.000650242	
6600	0.98842	10.0006	0.000619889	
6610	0.99002	10.0012	0.000616683	
6620	0.9881	10.0014	0.000646713	
6630	0.98624	10.0008	0.000759464	
6640	0.9871	10.0009	0.000654209	
6650	0.9902	10.0007	0.00053966	
6660	0.9846	10.0013	0.000695415	
6670	0.98834	10.0012	0.000600268	
6680	0.98714	10.0007	0.000636403	
6690	0.9879	10.0012	0.000597515	
6700	0.98862	10.0009	0.000562312	
6710	0.98804	10.001	0.000557847	
6720	0.98866	10.0014	0.000557141	
6730	0.98908	10.0012	0.000588804	
6740	0.98854	10.0015	0.000624109	
6750	0.98714	10.0009	0.000686376	
6760	0.98782	10.0011	0.000705735	
6770	0.98902	10.0007	0.000565231	
6780	0.9859	10.0009	0.000588578	
6790	0.9876	10.0009	0.000635704	
6800	0.98888	10.001	0.000658179	
6810	0.9891	10.0006	0.000565772	
6820	0.98608	10.0013	0.000643067	
6830	0.98848	10.001	0.000664127	
6840	0.9871	10.0006	0.000652219	
6850	0.9842	10.0004	0.000708353	
6860	0.98614	10.0005	0.00063288	
6870	0.9852	10.0007	0.000663027	
6880	0.98956	10.0004	0.000650942	
6890	0.98832	10.001	0.000626899	
6900	0.98612	10.0006	0.000677442	
6910	0.98758	10.0011	0.000586637	
6920	0.98388	10.0007	0.000705438	
6930	0.98498	10.0005	0.000717784	
6940	0.98396	10.0008	0.000679699	
6950	0.98952	10.0007	0.00058549	
6960	0.9894	10.0008	0.000583913	
6970	0.9829	10.0008	0.000743715	
6980	0.98488	10.0009	0.00063587	
6990	0.9879	10.0008	0.00063207	
7000	0.9875	10.0011	0.000536836	
7010	0.98578	10.0011	0.000642468	
7020	0.98738	10.0007	0.000595863	
7030	0.98584	10.0007	0.000668141	
7040	0.98988	10.0005	0.000583785	
7050	0.9897	10.0012	0.00053929	
7060	0.98612	10.0006	0.000718268	
7070	0.98724	10.0004	0.000623755	
7080	0.9899	10.001	0.000570236	
7090	0.98812	10.0013	0.000591081	
7100	0.98534	10.001	0.0007625	
7110	0.98758	10.0013	0.000565152	
7120	0.9874	10.0011	0.000628641	
7130	0.98832	10.0005	0.000596571	
7140	0.98446	9.9805	0.000645347	
7150	0.98644	10.002	0.000628195	
7160	0.98722	10.0008	0.000629481	
7170	0.98988	10.0005	0.000639053	
7180	0.98762	10.0008	0.000612417	
7190	0.98686	10.0005	0.000692301	
7200	0.98842	10.0009	0.000639625	
7210	0.98456	10.0009	0.000683466	
7220	0.98848	10.0006	0.000618814	
7230	0.98572	10.001	0.000691455	
7240	0.98888	10.0006	0.00061352	
7250	0.98574	10.0011	0.000678615	
7260	0.98676	10.001	0.000636748	
7270	0.98488	10.0005	0.000692759	
7280	0.97826	10.0009	0.000844412	
7290	0.97778	10.0007	0.000836901	
7300	0.98472	10.0006	0.000748479	
7310	0.98226	10.0006	0.000731733	
7320	0.98368	10.0009	0.000729588	
7330	0.98636	10.0014	0.000592403	
7340	0.98406	10.0008	0.000696132	
7350	0.98366	10.001	0.0007495	
7360	0.9868	10.0006	0.000601622	
7370	0.98724	10.0012	0.00060768	
7380	0.98402	10.0006	0.000784907	
7390	0.984	10.0011	0.000766773	
7400	0.98362	10.0007	0.000688177	
7410	0.98818	10.0008	0.000610743	
7420	0.98202	10.0007	0.000709532	
7430	0.98468	10.0008	0.000693716	
7440	0.98474	10.0013	0.000772332	
7450	0.98618	10.0011	0.00072721	
7460	0.98552	10.001	0.000713083	
7470	0.98682	10.0007	0.000640739	
7480	0.98776	10.001	0.000672045	
7490	0.98572	10.0012	0.000666874	
7500	0.98708	10.0011	0.000608403	
7510	0.9868	10.0007	0.000583891	
7520	0.98888	10.0006	0.000602665	
7530	0.99004	10.001	0.000576128	
7540	0.99168	10.0006	0.000445967	
7550	0.9868	10.0009	0.000677913	
7560	0.98536	10.0006	0.000744339	
7570	0.98606	10.0009	0.000705231	
7580	0.98746	10.0012	0.00057529	
7590	0.9877	10.0008	0.000615557	
7600	0.9848	10.0008	0.000668671	
7610	0.98526	10.0008	0.000711374	
7620	0.98768	10.0007	0.000640035	
7630	0.98804	10.0013	0.000623324	
7640	0.98956	10.001	0.000612863	
7650	0.98674	10.0008	0.000690247	
7660	0.98632	10.001	0.000683416	
7670	0.98816	10.0005	0.000603305	
7680	0.99028	10.0007	0.000523456	
7690	0.98712	10.0007	0.000639227	
7700	0.98672	10.001	0.000685083	
7710	0.98678	10.0007	0.000559301	
7720	0.98398	10.0011	0.000742923	
7730	0.9891	10.0015	0.000551606	
7740	0.98344	10.0007	0.000680223	
7750	0.98512	10.0003	0.000646654	
7760	0.9914	10.0006	0.000546898	
7770	0.98636	10.0003	0.000616156	
7780	0.98626	10.0007	0.000801259	
7790	0.98908	10.0007	0.000635628	
7800	0.99096	10.0013	0.000539978	
7810	0.98908	10.0006	0.000620019	
7820	0.9858	10.0007	0.000707439	
7830	0.98656	10.0005	0.000676827	
7840	0.9832	10.0005	0.000693812	
7850	0.98502	10.0006	0.000685012	
7860	0.98438	10.0008	0.00072448	
7870	0.9844	10.0006	0.000755656	
7880	0.9868	10.0005	0.000590832	
7890	0.98542	10.0004	0.000715329	
7900	0.97934	10.0008	0.000810817	
7910	0.9845	10.0005	0.000695214	
7920	0.98338	10.0007	0.000747129	
7930	0.98436	10.0007	0.000716076	
7940	0.98506	10.0006	0.000725743	
7950	0.98504	10.0007	0.000695692	
7960	0.98164	10.0007	0.000771679	
7970	0.98662	10.0005	0.000693244	
7980	0.98622	10.0007	0.000670333	
7990	0.97968	10.0005	0.000713624	
8000	0.98194	10.0007	0.000781359	
8010	0.98062	10.0009	0.000817297	
8020	0.97686	10.0007	0.000844206	
8030	0.97464	10.0006	0.000848845	
8040	0.97176	10.0009	0.000906059	
8050	0.97102	10.0005	0.000945746	
8060	0.979	10.0009	0.000896201	
8070	0.97342	10.0003	0.000976523	
8080	0.9765	10.0007	0.00085229	
8090	0.97758	10.0007	0.000885343	
8100	0.96806	10.0006	0.00100298	
8110	0.97574	10.0005	0.000838838	
8120	0.97328	10.0008	0.000894711	
8130	0.9784	10.0005	0.000806409	
8140	0.98328	10.0004	0.000807712	
8150	0.97982	10.0004	0.000836018	
8160	0.9844	10.0008	0.000722969	
8170	0.97752	10.0006	0.000869462	
8180	0.97526	10.0008	0.000870314	
8190	0.97694	10.0007	0.00081311	
8200	0.97486	10.0007	0.000980379	
8210	0.9742	10.0008	0.000971006	
8220	0.97604	10.0007	0.000888801	
8230	0.97834	10.0007	0.000795234	
8240	0.9778	10.0003	0.000881419	
8250	0.97666	10.0006	0.000880017	
8260	0.98194	10.0005	0.000752246	
8270	0.97536	10.0006	0.000891052	
8280	0.97924	10.0007	0.000889187	
8290	0.97944	10.001	0.00077744	
8300	0.98192	10.0006	0.000793869	
8310	0.97828	10.001	0.000816502	
8320	0.9794	10.0008	0.000861364	
8330	0.96976	10.0006	0.000937264	
8340	0.98068	10.0005	0.000756607	
8350	0.97462	10.0009	0.000850262	
8360	0.96802	10.0007	0.00105029	
8370	0.96912	10.0002	0.00101276	
8380	0.96854	10.0009	0.000982424	
8390	0.96822	10.0008	0.00103577	
8400	0.96252	10.0005	0.00114541	
8410	0.97082	10.0009	0.000955969	
8420	0.97082	10.0008	0.000946599	
8430	0.97516	10.0005	0.000930225	
8440	0.97804	10.0007	0.000875479	
8450	0.96914	10.0008	0.000927938	
8460	0.97186	10.0005	0.000927517	
8470	0.97404	10.0006	0.000900621	
8480	0.96332	10.0012	0.00106484	
8490	0.97522	10.0009	0.000830976	
8500	0.97884	10.0013	0.00085529	
8510	0.97522	10.0008	0.000920275	
8520	0.97932	10.0003	0.000838848	
8530	0.98084	10.0005	0.000707959	
8540	0.97778	10.0004	0.000900867	
8550	0.97724	10.0006	0.000823958	
8560	0.97422	10.0003	0.000872881	
8570	0.97202	10.0007	0.00102974	
8580	0.97864	10.0006	0.000918697	
8590	0.98142	10.0008	0.000798948	
8600	0.97802	10.0006	0.000815888	
8610	0.97634	10.0011	0.000876811	
8620	0.97226	10.0008	0.000967924	
8630	0.9767	10.0004	0.00085292	
8640	0.98084	10.0004	0.000777197	
8650	0.98196	10.0008	0.000770648	
8660	0.97332	10.0007	0.000967176	
8670	0.97258	10.001	0.000932114	
8680	0.9744	10.0005	0.000849795	
8690	0.97332	10.0008	0.000917962	
8700	0.9716	10.0008	0.00101806	
8710	0.96772	10.0005	0.00106178	
8720	0.96386	10.0004	0.00105899	
8730	0.96886	10.0003	0.000983556	
8740	0.9732	10.0005	0.000952041	
8750	0.9753	10.0006	0.000932629	
8760	0.97214	10.0007	0.00100915	
8770	0.97472	10.0004	0.000944591	
8780	0.97268	10.0004	0.000988	
8790	0.9713	10.0004	0.000883526	
8800	0.97008	10.0008	0.000947889	
8810	0.9706	10.0006	0.000948371	
8820	0.97886	10.0007	0.000835941	
8830	0.96804	10.0003	0.00103897	
8840	0.9747	10.0006	0.000949733	
8850	0.97036	10.0005	0.000924728	
8860	0.96934	10.0009	0.00102136	
8870	0.97384	10.0005	0.000919796	
8880	0.96962	10.0006	0.00108006	
8890	0.97088	10.0003	0.00100756	
8900	0.97412	10.0007	0.000986557	
8910	0.97086	10.0009	0.000993336	
8920	0.9684	10.0006	0.000981709	
8930	0.97372	10.0005	0.000939815	
8940	0.9728	10.0005	0.000975522	
8950	0.97064	10.0008	0.000905249	
8960	0.96366	10.0008	0.00109207	
8970	0.96882	10.0005	0.000959928	
8980	0.97032	10.0009	0.000975007	
8990	0.9737	10.0008	0.000955257	
9000	0.97154	10.0011	0.000972928	
9010	0.9663	10.0005	0.00109775	
9020	0.97092	10.0007	0.000897452	
9030	0.97788	10.0003	0.000878949	
9040	0.97188	10.0008	0.000977332	
9050	0.97418	10.0005	0.000849732	
9060	0.96856	10.001	0.000998886	
9070	0.96778	10.0004	0.00100654	
9080	0.9694	10.001	0.00106847	
9090	0.97062	10.0005	0.0009275	
9100	0.97384	10.0006	0.00101033	
9110	0.97358	10.0005	0.000978143	
9120	0.97276	10.0005	0.000942634	
9130	0.9656	10.0009	0.00102252	
9140	0.96886	10.0007	0.00104444	
9150	0.97306	10.0008	0.000946424	
9160	0.9742	10.0009	0.000896006	
9170	0.96962	10.0007	0.00107622	
9180	0.9703	10.0006	0.00102878	
9190	0.97	10.0007	0.00100947	
9200	0.96662	10.0012	0.00102647	
9210	0.95844	10.0004	0.00112349	
9220	0.96046	10.001	0.00120872	
9230	0.96484	10.0005	0.00114627	
9240	0.97364	10.0006	0.000928719	
9250	0.97364	10.0004	0.000981643	
9260	0.9699	10.0007	0.000964452	
9270	0.97132	10.0007	0.00103915	
9280	0.97066	10.0003	0.000976013	
9290	0.97792	10.0006	0.000856624	
9300	0.97642	10.0004	0.000816305	
9310	0.97252	10.0006	0.000995984	
9320	0.97462	10.0008	0.000968225	
9330	0.97544	10.0006	0.00100173	
9340	0.97618	10.0008	0.000974005	
9350	0.96862	10.0004	0.000996552	
9360	0.96178	10.0006	0.00109501	
9370	0.9671	10.0007	0.00102795	
9380	0.9635	10.0007	0.00109912	
9390	0.96072	10.0006	0.0010915	
9400	0.96104	10.0009	0.00109671	
9410	0.96932	10.0006	0.00107627	
9420	0.96846	10.0006	0.00102516	
9430	0.97458	10.0008	0.000941944	
9440	0.97424	10.0003	0.000961407	
9450	0.96646	10.0008	0.00113996	
9460	0.96868	10.001	0.00102473	
9470	0.97006	10.0008	0.000965594	
9480	0.9774	10.0005	0.000856137	
9490	0.97084	10.0009	0.000959901	
9500	0.9728	10.0004	0.000902449	
9510	0.96306	10.0007	0.0011411	
9520	0.96484	10.0005	0.00107332	
9530	0.9648	10.0005	0.00104448	
9540	0.962	10.0008	0.00108229	
9550	0.96158	10.0008	0.0011735	
9560	0.96652	10.0005	0.00103559	
9570	0.9755	10.0004	0.000873362	
9580	0.96386	10.0006	0.0010678	
9590	0.96234	10.0007	0.00108456	
9600	0.96794	10.0007	0.00102123	
9610	0.96774	10.0007	0.00109138	
9620	0.96926	10.0007	0.0009696	
9630	0.96666	10.0004	0.00100557	
9640	0.96644	10.0004	0.00108005	
9650	0.96902	10.0005	0.000992883	
9660	0.98016	10.0004	0.000801936	
9670	0.9743	10.0004	0.000963112	
9680	0.97312	10.0004	0.000972569	
9690	0.9722	10.0004	0.000919735	
9700	0.97404	10.0005	0.000888797	
9710	0.96848	10.0005	0.00108119	
9720	0.97312	10.0005	0.000867873	
9730	0.9673	10.0005	0.00105683	
9740	0.9685	10.0007	0.00097398	
9750	0.97414	10.0006	0.000948784	
9760	0.97358	10.0008	0.000838843	
9770	0.97402	10.0005	0.0008565	
9780	0.97356	10.0009	0.000946536	
9790	0.97252	10.0006	0.0009304	
9800	0.9672	10.0006	0.00101972	
9810	0.96444	10.0007	0.0011014	
9820	0.97484	10.0006	0.000934729	
9830	0.97706	10.0005	0.000893634	
9840	0.97102	10.0005	0.000966789	
9850	0.96828	10.0007	0.00102491	
9860	0.97108	10.0005	0.00107471	
9870	0.97384	10.0012	0.00092692	
9880	0.9688	10.0005	0.00104986	
9890	0.96522	10.0003	0.00103226	
9900	0.96996	10.0004	0.000992214	
9910	0.96484	10.0008	0.00109709	
9920	0.96794	10.0006	0.00110023	
9930	0.96952	10.0004	0.00109943	
9940	0.96018	10.0006	0.00122366	
9950	0.97412	10.0004	0.000901533	
9960	0.97402	10.0006	0.000928487	
9970	0.96908	10.0003	0.00100369	
9980	0.97832	10.0003	0.000805792	
9990	0.97378	10.0004	0.000949166	
