G	ifd_prop	time_to_IFD	sd_intake	
0	0.9999	8.37034	0.000145193	
10	0.99998	7.19032	0.000133075	
20	0.99982	8.59034	0.000158999	
30	0.99994	8.15036	0.000165915	
40	0.9999	8.55078	0.000160314	
50	0.99992	7.88043	0.000166336	
60	0.99984	8.26046	0.00017139	
70	0.99984	8.81031	0.000171993	
80	0.99988	8.8703	0.000168669	
90	0.99988	8.34038	0.000174285	
100	0.99988	8.3304	0.000169301	
110	0.99996	8.34029	0.000150615	
120	0.99996	8.04043	0.000162784	
130	0.99988	8.54029	0.000132671	
140	1	7.83026	0.000151674	
150	0.99998	7.70021	0.000135594	
160	0.99998	7.53024	0.000142126	
170	0.99994	8.19023	0.000156679	
180	0.9999	8.16055	0.000149246	
190	0.99994	8.48039	0.000141172	
200	0.99986	8.2404	0.00015612	
210	0.9999	8.27018	0.000166313	
220	0.99988	8.6702	0.000156065	
230	0.99976	9.0004	0.000190997	
240	0.99994	8.0804	0.000157123	
250	0.99996	8.05029	0.000152239	
260	0.99978	9.0503	0.000148723	
270	0.99988	8.29036	0.000172163	
280	0.99992	8.64044	0.000153186	
290	0.99994	8.03017	0.000134951	
300	1	7.49037	0.000136953	
310	0.99988	9.02035	0.000172337	
320	0.99992	8.81037	0.000146705	
330	0.99994	7.99037	0.000158662	
340	0.9999	8.10035	0.000160933	
350	0.99992	8.11046	0.000154065	
360	0.9999	7.82039	0.000162759	
370	0.99992	8.70035	0.000168863	
380	0.99992	8.14029	0.000167645	
390	0.99978	8.03046	0.00015118	
400	1	7.7203	0.000155372	
410	0.99992	8.63031	0.000162459	
420	0.99984	8.57027	0.000166943	
430	0.9999	8.77051	0.000146817	
440	0.99992	8.42047	0.000142465	
450	0.99994	8.83067	0.000148988	
460	0.99992	8.33031	0.00015497	
470	0.99998	8.10039	0.000162297	
480	0.99994	8.42019	0.000150529	
490	0.99982	8.8603	0.000169013	
500	0.99994	8.14026	0.000149596	
510	0.99984	8.18041	0.000161641	
520	0.99978	8.88042	0.000160251	
530	0.9999	7.75036	0.000148404	
540	0.99992	8.8405	0.000159129	
550	0.99994	7.39043	0.000164729	
560	0.99984	9.35053	0.000152526	
570	0.9999	7.71053	0.000151446	
580	0.99962	9.02057	0.000165106	
590	0.9999	8.58043	0.000176844	
600	0.99992	7.98047	0.000155472	
610	0.99982	9.36034	0.000190743	
620	0.99992	7.61056	0.000151692	
630	0.99988	8.77046	0.00015747	
640	0.99992	8.58037	0.000157665	
650	0.99994	8.8503	0.000162194	
660	0.99996	9.09046	0.000161122	
670	0.9999	8.05033	0.000156539	
680	0.99992	8.46023	0.000169992	
690	0.9999	9.72029	0.00018	
700	0.99998	8.63049	0.000158538	
710	0.99992	8.22036	0.000155454	
720	0.9998	8.91018	0.000166507	
730	0.99996	9.06041	0.000160797	
740	0.99988	8.97035	0.000150256	
750	0.99996	8.0003	0.000150836	
760	0.99968	8.62024	0.000166627	
770	0.99994	8.75058	0.00014391	
780	0.99982	8.63065	0.000162371	
790	0.99992	8.43024	0.000151612	
800	0.9999	8.65042	0.000161566	
810	0.99994	8.51029	0.00017388	
820	0.99994	8.48047	0.000142766	
830	0.99994	8.31019	0.00015654	
840	0.99988	8.95051	0.000163627	
850	1	8.38031	0.000138832	
860	0.99984	8.88068	0.000152537	
870	0.99976	8.68034	0.000160788	
880	0.99982	9.05046	0.000160813	
890	0.99986	8.85025	0.000173634	
900	0.99994	7.58072	0.000154842	
910	0.9999	8.11021	0.00016288	
920	0.9998	8.50048	0.000174821	
930	0.99986	8.70049	0.00017908	
940	0.9998	9.18032	0.000166946	
950	0.99986	8.49032	0.000167146	
960	0.99988	8.89035	0.000164207	
970	0.99974	8.72049	0.000171856	
980	0.99982	9.25033	0.000172879	
990	0.99992	8.63037	0.000158829	
1000	0.99976	9.29049	0.000188419	
1010	0.9999	7.98038	0.000156315	
1020	0.99998	8.29015	0.000161619	
1030	0.9999	8.22019	0.000137037	
1040	0.99984	9.02021	0.000145285	
1050	0.99984	8.60045	0.000133888	
1060	0.9997	8.94032	0.000193728	
1070	0.99994	7.72026	0.000143446	
1080	0.9999	8.70031	0.00016416	
1090	0.99974	9.0504	0.000158463	
1100	0.99988	8.6305	0.000165821	
1110	0.99988	8.28032	0.000160422	
1120	0.99996	8.30032	0.000146115	
1130	0.99998	8.54042	0.000169154	
1140	0.99988	9.0003	0.000152382	
1150	0.99984	9.01057	0.000155827	
1160	0.99982	8.78019	0.000185547	
1170	0.9998	8.63043	0.00016911	
1180	0.99988	8.19042	0.000175537	
1190	0.99992	8.64054	0.000151356	
1200	0.99984	8.56038	0.000166736	
1210	0.99978	9.26029	0.000185394	
1220	0.99976	9.07037	0.000168507	
1230	0.99988	8.80075	0.000154548	
1240	0.99988	8.28053	0.000165986	
1250	0.99994	8.3004	0.000139096	
1260	0.99982	8.46042	0.000166312	
1270	0.99988	8.41036	0.000163615	
1280	0.99974	9.4903	0.000179236	
1290	0.99996	8.23044	0.000154789	
1300	0.99982	8.9505	0.000154637	
1310	0.99974	9.49032	0.000171992	
1320	0.99988	8.40045	0.000155063	
1330	0.99968	8.79025	0.0001966	
1340	0.99978	9.32037	0.000180695	
1350	0.99984	7.95039	0.000153793	
1360	0.9999	8.70062	0.00017175	
1370	0.99992	8.41025	0.000157068	
1380	0.99982	9.29035	0.000157052	
1390	0.99986	8.10048	0.000143418	
1400	0.9999	8.31021	0.000154245	
1410	0.99986	8.37037	0.000173263	
1420	0.99984	9.02042	0.000152372	
1430	0.9998	8.58079	0.000175602	
1440	0.9997	8.81039	0.000192967	
1450	0.99966	9.28034	0.000184293	
1460	0.99968	8.85034	0.000170796	
1470	0.99984	8.25047	0.000154158	
1480	0.99968	9.18031	0.000171543	
1490	0.99992	9.01057	0.000152818	
1500	0.99988	8.97053	0.000165365	
1510	0.99994	8.7106	0.000139081	
1520	0.99984	9.05034	0.000172293	
1530	0.99966	9.31057	0.000164935	
1540	0.99982	9.27049	0.000162195	
1550	0.99968	9.31054	0.000165312	
1560	0.99982	9.38033	0.000163986	
1570	0.99978	9.42025	0.000172352	
1580	0.99984	9.01023	0.00015544	
1590	0.99968	9.06042	0.000183637	
1600	0.99984	8.79066	0.000171058	
1610	0.9998	9.27028	0.000187535	
1620	0.9999	9.02033	0.000174561	
1630	0.99988	8.57029	0.000136054	
1640	0.9997	9.60046	0.000186088	
1650	0.99988	8.69035	0.000161675	
1660	0.99994	9.06053	0.000162161	
1670	0.99984	8.45035	0.000153983	
1680	0.99982	8.96053	0.000165381	
1690	0.99978	8.64057	0.000179648	
1700	0.99986	8.84025	0.000165784	
1710	0.99984	9.15028	0.000153887	
1720	0.99978	8.71032	0.000150255	
1730	0.9998	8.62021	0.000168954	
1740	0.99986	9.13047	0.0001598	
1750	0.99986	9.28041	0.00016872	
1760	0.99978	8.67039	0.00016496	
1770	0.9997	9.52034	0.000168361	
1780	0.99992	8.43031	0.000170642	
1790	0.99992	8.33028	0.000159755	
1800	0.99994	8.79045	0.00016814	
1810	0.9997	8.9603	0.000160761	
1820	0.99996	8.91051	0.00016855	
1830	0.9996	8.91023	0.000149684	
1840	0.99976	8.77049	0.000170438	
1850	0.9999	8.0603	0.000138548	
1860	0.99976	9.50059	0.000166228	
1870	0.99972	9.78056	0.000161553	
1880	0.99984	9.2902	0.000157328	
1890	0.99982	8.95041	0.000173928	
1900	0.99982	9.1603	0.000173191	
1910	0.9998	9.07074	0.000153203	
1920	0.99982	9.20027	0.000156157	
1930	0.99962	9.13064	0.000179058	
1940	0.99986	8.79043	0.000152975	
1950	0.99992	9.42052	0.000151334	
1960	0.99974	9.68034	0.00020138	
1970	0.9999	9.30057	0.000172841	
1980	0.99988	8.37043	0.000162375	
1990	0.99986	9.35029	0.000173386	
2000	0.99962	9.02041	0.000182096	
2010	0.99982	8.80032	0.000162107	
2020	0.99984	9.41036	0.000145665	
2030	0.99958	9.39052	0.000172616	
2040	0.99986	9.12038	0.000182018	
2050	0.9999	8.81042	0.000157194	
2060	0.99974	8.88037	0.00015912	
2070	0.99974	8.93077	0.000170763	
2080	0.99984	8.81059	0.000154195	
2090	0.99984	9.03037	0.000172125	
2100	0.99964	8.91044	0.000199185	
2110	0.99968	9.51057	0.000176056	
2120	0.9998	9.44045	0.00014115	
2130	0.99968	8.57041	0.000180368	
2140	0.99968	9.3702	0.000190007	
2150	0.9997	9.30037	0.000177674	
2160	0.99944	9.60051	0.000174889	
2170	0.99974	9.32047	0.000169143	
2180	0.9996	9.57052	0.000186136	
2190	0.99978	9.37066	0.000186123	
2200	0.99966	8.84061	0.000185787	
2210	0.99958	9.32029	0.000208345	
2220	0.99976	9.01074	0.000158435	
2230	0.99958	9.30037	0.000200451	
2240	0.9997	8.41058	0.00017449	
2250	0.99968	9.71056	0.000196769	
2260	0.99966	9.5007	0.000173252	
2270	0.9996	9.37079	0.000177419	
2280	0.99958	9.63026	0.000181599	
2290	0.99982	8.98059	0.000165477	
2300	0.9998	9.41042	0.000188371	
2310	0.99962	9.50035	0.000202982	
2320	0.99944	9.51055	0.000176446	
2330	0.99984	8.97036	0.000169546	
2340	0.99976	9.22037	0.000167807	
2350	0.99982	8.91059	0.000179457	
2360	0.99978	8.96048	0.000158042	
2370	0.99982	9.04037	0.000164706	
2380	0.9996	9.65067	0.0001916	
2390	0.99954	9.24049	0.00019059	
2400	0.99972	9.01043	0.00016791	
2410	0.99928	9.46035	0.000202495	
2420	0.9994	9.72034	0.000172941	
2430	0.99954	8.84041	0.000180309	
2440	0.99942	9.07021	0.000163115	
2450	0.9996	9.41069	0.000191365	
2460	0.99916	9.97052	0.000240508	
2470	0.99946	9.23056	0.000203494	
2480	0.99966	9.51051	0.000158193	
2490	0.99982	9.71034	0.000193155	
2500	0.9996	9.3105	0.000185356	
2510	0.99972	9.85058	0.000167542	
2520	0.99954	9.25074	0.000180877	
2530	0.9996	9.31048	0.000177758	
2540	0.99958	9.07055	0.000167231	
2550	0.99924	9.84036	0.0002162	
2560	0.99928	9.81068	0.000220505	
2570	0.99936	9.09045	0.000199391	
2580	0.99938	9.80067	0.000181955	
2590	0.99962	9.4005	0.000173381	
2600	0.99954	9.45046	0.00018028	
2610	0.9996	9.54025	0.000186106	
2620	0.99956	9.63074	0.000158304	
2630	0.99956	9.31042	0.000181127	
2640	0.9993	9.71055	0.00019309	
2650	0.9994	9.88034	0.000209593	
2660	0.9995	9.82079	0.0001508	
2670	0.99958	9.09047	0.000187253	
2680	0.9993	9.63051	0.000194895	
2690	0.9995	9.7304	0.000214094	
2700	0.9995	9.72052	0.000200659	
2710	0.9994	10.0003	0.000192913	
2720	0.9993	9.44038	0.000215605	
2730	0.99964	9.3304	0.000176545	
2740	0.99926	9.72062	0.000205762	
2750	0.99946	9.80066	0.000194545	
2760	0.99936	9.50068	0.000223836	
2770	0.99956	9.54053	0.000167897	
2780	0.99924	9.89058	0.000205842	
2790	0.99912	9.76072	0.000204999	
2800	0.99946	10.0009	0.000207439	
2810	0.9993	9.50058	0.000188615	
2820	0.9992	9.86067	0.000190048	
2830	0.9995	9.36049	0.000175433	
2840	0.9998	9.03069	0.00018423	
2850	0.99924	9.58057	0.00018474	
2860	0.99884	9.77048	0.000199166	
2870	0.99932	9.78062	0.00018745	
2880	0.99932	9.63106	0.000204452	
2890	0.99934	9.78049	0.000194243	
2900	0.9993	9.72051	0.000196869	
2910	0.99944	9.47042	0.000167503	
2920	0.99906	9.85043	0.000236639	
2930	0.99852	9.97067	0.000255206	
2940	0.99884	9.93077	0.000271814	
2950	0.99854	10.0004	0.000209987	
2960	0.99916	9.61079	0.000205491	
2970	0.9993	9.94085	0.000202449	
2980	0.9994	9.74051	0.000204401	
2990	0.99928	9.74063	0.000197599	
3000	0.99914	9.83049	0.000213003	
3010	0.9995	9.50053	0.000197285	
3020	0.99952	9.24092	0.000183414	
3030	0.99964	9.07053	0.000173623	
3040	0.99928	9.70051	0.000185249	
3050	0.99926	9.97082	0.000207821	
3060	0.99916	9.98076	0.000225761	
3070	0.99896	9.94037	0.000221607	
3080	0.99876	9.64045	0.000254247	
3090	0.99898	9.71057	0.000220552	
3100	0.999	9.71097	0.000215438	
3110	0.99924	9.46051	0.000208032	
3120	0.99852	9.70081	0.000216178	
3130	0.99916	9.66054	0.000204553	
3140	0.99898	9.75037	0.000249973	
3150	0.9987	9.57091	0.000225342	
3160	0.99904	9.55044	0.000229774	
3170	0.99866	9.86063	0.0002524	
3180	0.99826	10.0006	0.0003038	
3190	0.99824	10.0004	0.000272384	
3200	0.99806	10.0002	0.00026637	
3210	0.99866	9.8004	0.00024662	
3220	0.99866	9.80066	0.000226067	
3230	0.9979	10.0009	0.000267472	
3240	0.99804	9.77043	0.000256135	
3250	0.9979	9.85055	0.000285572	
3260	0.99868	9.88104	0.000262895	
3270	0.99894	9.72063	0.000219248	
3280	0.99796	9.85083	0.000280109	
3290	0.99826	9.85055	0.000291273	
3300	0.99912	9.96044	0.000221952	
3310	0.99872	10.0006	0.000187845	
3320	0.998	9.95039	0.000259192	
3330	0.99796	10.0005	0.000244129	
3340	0.99846	9.63075	0.000234801	
3350	0.99804	9.92041	0.000241253	
3360	0.99814	10.0006	0.000289043	
3370	0.99772	10.0008	0.000322159	
3380	0.99756	9.93049	0.000321915	
3390	0.9982	10.0009	0.000294753	
3400	0.99748	9.93059	0.000326004	
3410	0.99832	9.81077	0.000234362	
3420	0.99784	9.92072	0.000286807	
3430	0.99812	10.0006	0.000288073	
3440	0.99808	9.93082	0.000262248	
3450	0.99734	10.0011	0.000298655	
3460	0.99784	9.98043	0.000348533	
3470	0.99708	10.0006	0.000307913	
3480	0.99596	10.0005	0.000406999	
3490	0.99696	10.0009	0.000291527	
3500	0.99796	10.0007	0.000271456	
3510	0.99756	10.0008	0.000238383	
3520	0.99678	10.0008	0.000307608	
3530	0.99744	10.0005	0.000302707	
3540	0.997	10.0008	0.000323772	
3550	0.99754	9.95102	0.000296711	
3560	0.9967	10.0006	0.000305551	
3570	0.99686	10.0005	0.000392346	
3580	0.9965	9.57095	0.000355713	
3590	0.99802	9.86058	0.000323699	
3600	0.99654	10.0008	0.000372925	
3610	0.99702	10.0008	0.000314768	
3620	0.99578	10.0007	0.000377673	
3630	0.99604	9.9506	0.000356185	
3640	0.99566	10.0009	0.000365993	
3650	0.9948	9.96088	0.000443344	
3660	0.99588	10.0006	0.000365616	
3670	0.99482	10.0006	0.000382773	
3680	0.99608	10.0006	0.000316752	
3690	0.99616	10.0007	0.000351602	
3700	0.9963	10.0005	0.000377772	
3710	0.99496	9.93121	0.000362931	
3720	0.99576	10.0009	0.000357507	
3730	0.99626	9.93056	0.000355289	
3740	0.99564	10.0004	0.000378766	
3750	0.9949	10.0005	0.000403134	
3760	0.99552	9.95071	0.000427513	
3770	0.99558	10.0005	0.000415019	
3780	0.99412	10.0011	0.000464289	
3790	0.9948	10.0009	0.000416824	
3800	0.99446	10.0011	0.000421641	
3810	0.9965	10.0011	0.000292066	
3820	0.99368	10.0005	0.000451177	
3830	0.99432	10.0008	0.00042824	
3840	0.99388	10.0004	0.000411016	
3850	0.99534	10.0008	0.000398396	
3860	0.99542	10.001	0.000344673	
3870	0.99492	10.0011	0.000408531	
3880	0.99318	10.0012	0.000477447	
3890	0.99468	10.0006	0.000442871	
3900	0.9946	10.0005	0.000432284	
3910	0.99382	10.0005	0.000463934	
3920	0.99478	10.0007	0.000411406	
3930	0.99404	10.0005	0.000438396	
3940	0.99426	10.0004	0.000423661	
3950	0.99364	10.0007	0.000449114	
3960	0.99518	9.99055	0.000384166	
3970	0.99494	10.0009	0.000349395	
3980	0.99428	10.0007	0.000392579	
3990	0.99484	10.0009	0.000410718	
4000	0.99582	10.0008	0.000326828	
4010	0.99438	10.0008	0.00041107	
4020	0.99464	10.0006	0.000427803	
4030	0.99364	10.0005	0.000462499	
4040	0.99468	10.001	0.000481878	
4050	0.99446	10.0005	0.000437702	
4060	0.99316	10.001	0.000520912	
4070	0.99476	10.0008	0.000365375	
4080	0.99454	10.0006	0.000465191	
4090	0.99202	10.0006	0.000502479	
4100	0.99304	10.0006	0.000482556	
4110	0.99408	10.0012	0.000468478	
4120	0.99262	10.0007	0.000494957	
4130	0.9922	10.0007	0.000463291	
4140	0.99148	10.0006	0.000485007	
4150	0.99398	10.0008	0.000520067	
4160	0.99418	10.0007	0.000425253	
4170	0.99314	10.0013	0.00046684	
4180	0.99342	10.0012	0.000467524	
4190	0.9933	10.0006	0.000454044	
4200	0.99182	10.001	0.000493048	
4210	0.99526	10.0009	0.000362803	
4220	0.99272	10.0005	0.00052619	
4230	0.99336	10.0009	0.000455368	
4240	0.99306	10.0008	0.000471279	
4250	0.99408	10.0007	0.0004576	
4260	0.993	10.0005	0.000462988	
4270	0.99336	10.001	0.000535264	
4280	0.99312	10.001	0.000470641	
4290	0.99268	10.0006	0.000488205	
4300	0.99048	10.0006	0.000542932	
4310	0.99076	10.0008	0.000472678	
4320	0.99252	10.0009	0.000489283	
4330	0.9913	10.0008	0.000531916	
4340	0.99124	10.0006	0.000523533	
4350	0.99264	10.0004	0.000485287	
4360	0.9927	10.0007	0.00046407	
4370	0.99262	10.0003	0.00042571	
4380	0.99136	10.0005	0.000478353	
4390	0.99344	10.0007	0.000376696	
4400	0.99418	10.0009	0.000423796	
4410	0.99214	10.0007	0.000562965	
4420	0.9944	10.0006	0.00042449	
4430	0.99496	10.0008	0.000412697	
4440	0.99512	10.0008	0.000340183	
4450	0.9937	10.0009	0.000479974	
4460	0.9933	10.001	0.000460645	
4470	0.99408	10.0008	0.000435234	
4480	0.9933	10.0007	0.000485709	
4490	0.99222	10.0007	0.000543795	
4500	0.99384	10.0005	0.000407839	
4510	0.99402	10.0006	0.000454443	
4520	0.99504	10.0008	0.000446871	
4530	0.99488	10.0006	0.000430559	
4540	0.99326	10.0004	0.000457452	
4550	0.99474	9.82106	0.000384588	
4560	0.9926	10.0005	0.000495413	
4570	0.99448	10.0009	0.000481661	
4580	0.9923	10.0007	0.00053328	
4590	0.9928	10.0008	0.000476807	
4600	0.99498	9.99088	0.000353503	
4610	0.99306	10.0005	0.000521127	
4620	0.99286	10.0007	0.000474178	
4630	0.99344	10.0005	0.000490421	
4640	0.9923	10.0005	0.000487406	
4650	0.99414	10.0009	0.000435358	
4660	0.99274	10.0005	0.000492597	
4670	0.99362	10.0009	0.000440715	
4680	0.99256	10.0008	0.000480818	
4690	0.99306	10.0011	0.000506478	
4700	0.9895	10.0007	0.000567834	
4710	0.99134	10.0005	0.000555468	
4720	0.99012	10.0009	0.000534961	
4730	0.98864	10.0005	0.000580961	
4740	0.99028	10.0008	0.00056069	
4750	0.9896	10.0007	0.000555204	
4760	0.99122	10.0009	0.000482505	
4770	0.99162	10.0007	0.000589116	
4780	0.99308	10.0005	0.000472129	
4790	0.99022	10.0007	0.000581336	
4800	0.98964	10.001	0.000583112	
4810	0.99146	10.0006	0.000485653	
4820	0.99104	10.0004	0.000485122	
4830	0.99362	10.0008	0.000485557	
4840	0.9916	10.0008	0.000517895	
4850	0.99296	10.0008	0.000445963	
4860	0.99064	10.0008	0.00059429	
4870	0.9916	10.0004	0.000488769	
4880	0.99378	10.0006	0.000486845	
4890	0.9901	10.0003	0.000562338	
4900	0.99052	10.0006	0.000550313	
4910	0.98904	10.0013	0.000577606	
4920	0.98978	10.0006	0.000591915	
4930	0.98902	10.0004	0.000681401	
4940	0.99214	10.0004	0.000534633	
4950	0.99276	10.0008	0.000503884	
4960	0.99416	10.0004	0.000384738	
4970	0.9906	10.0006	0.000559136	
4980	0.99098	10.001	0.00053214	
4990	0.98828	10.0004	0.000577176	
5000	0.98904	10.0005	0.000621154	
5010	0.98998	10.0007	0.000531691	
5020	0.98898	10.0007	0.000614186	
5030	0.99066	10.0005	0.00056044	
5040	0.99134	10.0005	0.000459093	
5050	0.98976	10.0005	0.000563207	
5060	0.98584	10.0008	0.000700691	
5070	0.98238	10.0004	0.000813367	
5080	0.9883	10.0007	0.000627075	
5090	0.98816	10.0006	0.000578473	
5100	0.99032	10.0007	0.000567794	
5110	0.98544	10.0005	0.000618895	
5120	0.98412	10.0006	0.000684543	
5130	0.98332	10.0006	0.000705175	
5140	0.98882	10.0006	0.000615832	
5150	0.9882	10.0004	0.000624864	
5160	0.98544	10.0002	0.000681724	
5170	0.98556	10.0005	0.00061615	
5180	0.98504	10.0004	0.000723035	
5190	0.98908	10.0003	0.000586119	
5200	0.9849	10.0004	0.000677251	
5210	0.98834	10.0007	0.000596426	
5220	0.98358	10.0006	0.00068161	
5230	0.98326	10.0006	0.00071779	
5240	0.98848	9.96039	0.000635835	
5250	0.98296	10.0004	0.000733853	
5260	0.98254	10.0005	0.000779824	
5270	0.98356	10.0005	0.000677873	
5280	0.98246	10.0008	0.000790829	
5290	0.98156	10.0008	0.000814462	
5300	0.98446	10.0006	0.000695868	
5310	0.98472	10.0006	0.000719245	
5320	0.98154	10.0006	0.000755687	
5330	0.9765	10.0006	0.000987472	
5340	0.97624	10.0007	0.000937313	
5350	0.98166	9.98041	0.00070712	
5360	0.98124	10.0005	0.000799162	
5370	0.97558	10.0008	0.000906211	
5380	0.97672	10.0007	0.000946156	
5390	0.97836	10.0005	0.000811395	
5400	0.97692	10.0006	0.000858287	
5410	0.97386	10.0009	0.000904514	
5420	0.97232	10.0007	0.000897478	
5430	0.96518	10.0004	0.000989882	
5440	0.97252	10.0004	0.00101208	
5450	0.97264	10.0003	0.0009262	
5460	0.97448	10.0004	0.000857812	
5470	0.9756	10.0006	0.000897718	
5480	0.97452	10.0004	0.000873973	
5490	0.97346	10.0006	0.000878059	
5500	0.9811	10.0006	0.000833587	
5510	0.97796	10.0004	0.00078063	
5520	0.97836	10.0004	0.0008988	
5530	0.98272	10.0005	0.000717069	
5540	0.98054	10.0005	0.000769463	
5550	0.97654	10.0007	0.000922007	
5560	0.9779	10.0006	0.000822858	
5570	0.9825	10.0005	0.00081672	
5580	0.97822	10.0006	0.000829093	
5590	0.97626	10.0003	0.000835673	
5600	0.96934	10.0006	0.00098176	
5610	0.97714	10.0005	0.000912962	
5620	0.97104	10.0006	0.00100783	
5630	0.96898	10.0005	0.000988931	
5640	0.97354	10.0008	0.000999739	
5650	0.97146	10.0006	0.000981649	
5660	0.97532	10.0005	0.000933387	
5670	0.97954	10.0005	0.000775555	
5680	0.97624	10.0008	0.000851835	
5690	0.9683	10.0006	0.00096548	
5700	0.97246	10.0005	0.000892397	
5710	0.97492	10.0007	0.00087453	
5720	0.97782	10.0004	0.000853536	
5730	0.97672	10.0005	0.000941517	
5740	0.97708	10.0007	0.000869492	
5750	0.97912	10.0007	0.000821188	
5760	0.97282	10.0006	0.000888743	
5770	0.97288	10.0007	0.000895529	
5780	0.97846	10.0008	0.000800474	
5790	0.97614	10.0008	0.000878851	
5800	0.97456	10.0006	0.00091725	
5810	0.9756	10.0005	0.000855643	
5820	0.9728	10.0006	0.000909637	
5830	0.97376	10.0005	0.000907967	
5840	0.9755	10.0005	0.000907609	
5850	0.97554	10.0004	0.00101268	
5860	0.98454	10.0006	0.000725969	
5870	0.9786	10.0004	0.000804786	
5880	0.97642	10.0006	0.000910086	
5890	0.98192	10.0009	0.000774106	
5900	0.98094	10.0005	0.000777976	
5910	0.98018	10.0003	0.0008244	
5920	0.97776	10.0005	0.000913316	
5930	0.97816	10.0002	0.000767364	
5940	0.97884	10.0004	0.00073348	
5950	0.97574	10.0003	0.000865277	
5960	0.98146	10.0005	0.000705002	
5970	0.97504	10.0005	0.000903186	
5980	0.97404	10.0007	0.000952024	
5990	0.97814	10.0008	0.000808208	
6000	0.98002	10.0007	0.000793545	
6010	0.9739	10.0008	0.000925652	
6020	0.97164	10.0005	0.00100777	
6030	0.97376	10.0005	0.000837086	
6040	0.9726	10.0007	0.000854713	
6050	0.97514	10.0005	0.000887766	
6060	0.97798	10.0004	0.000821528	
6070	0.97164	10.0004	0.00102893	
6080	0.96868	10.0004	0.000997775	
6090	0.9711	10.0004	0.000892879	
6100	0.97452	10.0004	0.000949053	
6110	0.97622	10.0004	0.000967941	
6120	0.96878	10.0006	0.000950414	
6130	0.96568	10.0006	0.00107834	
6140	0.9731	10.0007	0.000949756	
6150	0.9652	10.0006	0.00101672	
6160	0.97066	10.0007	0.000990042	
6170	0.9752	10.0005	0.000852289	
6180	0.97434	10.0006	0.000962828	
6190	0.96822	10.0005	0.00103841	
6200	0.97054	10.0004	0.00101197	
6210	0.9671	10.0006	0.00104804	
6220	0.97164	10.0007	0.000984083	
6230	0.97964	10.0005	0.000886428	
6240	0.97618	10.0005	0.000878893	
6250	0.97696	10.0002	0.000848395	
6260	0.97524	10.0007	0.000893285	
6270	0.9689	10.0007	0.0010379	
6280	0.9745	10.0006	0.00089564	
6290	0.9752	10.0003	0.000884544	
6300	0.97638	10.0002	0.000876227	
6310	0.9754	10.0008	0.000928267	
6320	0.97608	10.0006	0.00084933	
6330	0.97596	10.0007	0.000858582	
6340	0.97054	10.0003	0.00107531	
6350	0.97384	10.0006	0.000944862	
6360	0.97222	10.0005	0.000966053	
6370	0.97264	10.0004	0.000882107	
6380	0.97234	10.0005	0.000964154	
6390	0.9716	10.0004	0.00101542	
6400	0.97672	10.0005	0.000971468	
6410	0.97794	10.0004	0.000851771	
6420	0.96682	10.0007	0.00097719	
6430	0.96582	10.0002	0.000975934	
6440	0.9683	10.0003	0.00110065	
6450	0.96616	10.0005	0.000997264	
6460	0.9627	10.0005	0.00107227	
6470	0.96972	10.001	0.0010071	
6480	0.97148	10.0006	0.000949068	
6490	0.96734	10.0006	0.000946827	
6500	0.97144	10.0007	0.000990944	
6510	0.96588	10.0007	0.00101267	
6520	0.96808	10.0004	0.000960405	
6530	0.97484	10.0003	0.000883698	
6540	0.97388	10.0005	0.000949091	
6550	0.9713	10.0006	0.000977861	
6560	0.97602	10.0003	0.000899267	
6570	0.97426	10.0004	0.000995873	
6580	0.97802	10.0006	0.000863103	
6590	0.97774	10.0005	0.000843001	
6600	0.97176	10.0005	0.00094952	
6610	0.97512	10.0007	0.000899047	
6620	0.96932	10.0009	0.00103661	
6630	0.97424	10.0004	0.000936674	
6640	0.97548	10.0007	0.000876357	
6650	0.97826	10.0003	0.000802069	
6660	0.98124	10.0006	0.0008012	
6670	0.97258	10.0006	0.000965209	
6680	0.97024	10.0004	0.00101711	
6690	0.97318	10.0002	0.000930057	
6700	0.9806	10.0005	0.000772675	
6710	0.97764	10.0003	0.000837595	
6720	0.97598	10.0004	0.000905358	
6730	0.978	10.0005	0.000850965	
6740	0.9764	10.0006	0.000871472	
6750	0.97216	10.0005	0.000912966	
6760	0.9669	10.0005	0.00105501	
6770	0.97506	10.0005	0.000923243	
6780	0.97514	10.0008	0.000944994	
6790	0.9785	10.0003	0.000854325	
6800	0.97248	10.0006	0.00101654	
6810	0.9732	10.0007	0.000911379	
6820	0.9714	10.0004	0.000849274	
6830	0.97724	10.0005	0.000812932	
6840	0.97402	10.0004	0.000915525	
6850	0.9728	10.0005	0.000957133	
6860	0.97038	10.0006	0.000998521	
6870	0.97556	10.0008	0.00090569	
6880	0.97142	10.0005	0.0009154	
6890	0.97434	10.0004	0.00101957	
6900	0.96868	10.0005	0.000980437	
6910	0.96854	10.0005	0.00105986	
6920	0.97656	10.0004	0.00092229	
6930	0.97748	10.0004	0.000903728	
6940	0.9778	10.0003	0.000810914	
6950	0.97704	10.0005	0.000863844	
6960	0.97938	10.0004	0.000750471	
6970	0.97536	10.0004	0.000951378	
6980	0.97954	10.0004	0.000909541	
6990	0.97884	10.0004	0.000715593	
7000	0.9726	10.0004	0.000947354	
7010	0.9705	10.0007	0.00101701	
7020	0.966	10.0006	0.00106798	
7030	0.96594	10.0004	0.00101818	
7040	0.97152	10.0007	0.000943599	
7050	0.97108	10.0004	0.00093896	
7060	0.96986	10.0005	0.00101074	
7070	0.97746	10.0004	0.000848228	
7080	0.96836	10.0005	0.00099963	
7090	0.97872	10.0004	0.000851556	
7100	0.9788	10.0005	0.000869434	
7110	0.97692	10.0004	0.000876371	
7120	0.9737	10.0005	0.00098938	
7130	0.97112	10.0003	0.00101713	
7140	0.97524	10.0004	0.000892056	
7150	0.9696	10.0006	0.000956487	
7160	0.97192	10.0005	0.000930408	
7170	0.96374	10.0005	0.00105426	
7180	0.97172	10.0006	0.0010631	
7190	0.9733	10.0005	0.0010098	
7200	0.96996	10.0004	0.00102399	
7210	0.97838	10.0004	0.00086531	
7220	0.97534	10.0003	0.000833251	
7230	0.96178	10.0004	0.00105966	
7240	0.96692	10.0006	0.001045	
7250	0.97388	10.0004	0.000834179	
7260	0.97836	10.0005	0.000783071	
7270	0.97648	10.0003	0.000871807	
7280	0.97458	10.0006	0.000911221	
7290	0.97646	10.0006	0.000849019	
7300	0.97602	10.0004	0.000881181	
7310	0.97852	10.0003	0.00084261	
7320	0.98042	10.0003	0.000770023	
7330	0.97922	10.0008	0.000813555	
7340	0.97824	10.0004	0.000839545	
7350	0.98142	10.0004	0.000851849	
7360	0.98122	10.0004	0.000807519	
7370	0.9709	10.001	0.00103654	
7380	0.97516	10.0004	0.000827938	
7390	0.97034	10.0004	0.00100758	
7400	0.97402	10.0003	0.000909966	
7410	0.96858	10.0004	0.00103455	
7420	0.97148	10.0006	0.000976947	
7430	0.97636	10.0004	0.000853	
7440	0.96954	10.0008	0.000948983	
7450	0.97484	10.0004	0.000897032	
7460	0.97496	10.0003	0.000847798	
7470	0.96756	10.0004	0.00100563	
7480	0.97152	10.0006	0.000986703	
7490	0.97304	10.0004	0.000900471	
7500	0.9616	10.0003	0.00112968	
7510	0.97064	10.0005	0.00106321	
7520	0.96526	10.0006	0.00105994	
7530	0.96686	10.0008	0.00107128	
7540	0.96872	10.0003	0.00105441	
7550	0.97242	10.0003	0.00101328	
7560	0.97368	10.0005	0.000989839	
7570	0.97202	10.0007	0.000942548	
7580	0.97534	10.0006	0.000964426	
7590	0.9742	10.0004	0.000953115	
7600	0.97294	10.0004	0.000932839	
7610	0.96684	10.0004	0.0010899	
7620	0.97386	10.0004	0.000962123	
7630	0.96714	10.0006	0.00107106	
7640	0.97434	10.0003	0.000906191	
7650	0.97188	10.0007	0.000972065	
7660	0.9734	10.0003	0.000990509	
7670	0.96924	10.0006	0.00107528	
7680	0.9753	10.0002	0.000870878	
7690	0.9787	10.0003	0.000840384	
7700	0.97138	10.0003	0.00098308	
7710	0.96842	10.0006	0.00095634	
7720	0.97476	10.0005	0.000901584	
7730	0.97606	10.0003	0.00087274	
7740	0.97102	10.0003	0.00100423	
7750	0.97252	10.0002	0.00106198	
7760	0.97286	10.0005	0.000904093	
7770	0.9693	10.0005	0.000976472	
7780	0.96996	10.0006	0.000976647	
7790	0.97182	10.0003	0.000979809	
7800	0.97312	10.0007	0.000884386	
7810	0.96948	10.0007	0.000862863	
7820	0.9743	10.0009	0.000925014	
7830	0.97016	10.0003	0.000987892	
7840	0.9738	10.0007	0.000916406	
7850	0.97262	10.0004	0.000935439	
7860	0.9703	10.0003	0.00101768	
7870	0.97248	10.0006	0.00101528	
7880	0.97416	10.0004	0.000919465	
7890	0.96714	10.0005	0.000999178	
7900	0.97612	10.0004	0.000833448	
7910	0.96736	10.0005	0.00108821	
7920	0.97656	10.0005	0.000867519	
7930	0.97714	10.0005	0.000875638	
7940	0.97342	10.0002	0.000849502	
7950	0.9748	10.0004	0.000919029	
7960	0.97692	10.0003	0.000847978	
7970	0.97154	10.0006	0.00107285	
7980	0.97014	10.0004	0.000926543	
7990	0.97356	10.0004	0.000985561	
8000	0.96276	10.0004	0.00105165	
8010	0.97126	10.0006	0.000949701	
8020	0.96888	10.0006	0.000981439	
8030	0.97062	10.0007	0.00100118	
8040	0.9668	10.0004	0.0010526	
8050	0.96182	10.0005	0.00116368	
8060	0.97086	10.0003	0.000972904	
8070	0.97498	10.0007	0.000848025	
8080	0.97508	10.0003	0.000941844	
8090	0.9767	10.0007	0.000866114	
8100	0.97094	10.0003	0.000987891	
8110	0.97406	10.0005	0.000935176	
8120	0.97096	10.0005	0.000907103	
8130	0.97164	10.0005	0.000952228	
8140	0.97102	10.0004	0.000963013	
8150	0.96946	10.0007	0.00105228	
8160	0.97328	10.0003	0.000975801	
8170	0.97274	10.0007	0.000985903	
8180	0.97756	10.0005	0.000810268	
8190	0.97836	10.0004	0.000818185	
8200	0.97078	10.0002	0.000906311	
8210	0.98038	10.0004	0.000754984	
8220	0.9761	10.0004	0.000930612	
8230	0.97498	10.0003	0.000907501	
8240	0.9705	10.0004	0.00096429	
8250	0.97506	10.0002	0.000941083	
8260	0.96554	10.0008	0.00106282	
8270	0.96694	10.0004	0.000996705	
8280	0.97922	10.0005	0.000817093	
8290	0.9796	10.0003	0.000863643	
8300	0.97386	10.0003	0.000889664	
8310	0.97698	10.0003	0.000859819	
8320	0.976	10.0005	0.000910551	
8330	0.97342	10.0005	0.000922425	
8340	0.9794	10.0004	0.000890073	
8350	0.96948	10.0004	0.000932241	
8360	0.97156	10.0007	0.00105216	
8370	0.97174	10.0006	0.000967853	
8380	0.96788	10.0008	0.00102555	
8390	0.9732	10.0005	0.000846882	
8400	0.9738	10.0004	0.000906883	
8410	0.96816	10.0003	0.00100723	
8420	0.97122	10.0003	0.000945454	
8430	0.97448	10.0005	0.000846248	
8440	0.97706	10.0006	0.000890123	
8450	0.978	10.0003	0.000868688	
8460	0.98088	10.0002	0.000848289	
8470	0.97656	10.0005	0.000830655	
8480	0.97558	10.0004	0.000853936	
8490	0.9679	10.0004	0.000996263	
8500	0.97628	10.0002	0.000810181	
8510	0.97202	10.0004	0.000887984	
8520	0.97546	10.0006	0.00091228	
8530	0.9701	10.0004	0.00100201	
8540	0.9787	10.0004	0.000895388	
8550	0.97552	10.0005	0.000808458	
8560	0.97862	10.0003	0.000782523	
8570	0.9803	10.0005	0.000859989	
8580	0.97836	10.0006	0.000880357	
8590	0.9731	10.0004	0.000917949	
8600	0.97124	10.0003	0.000958961	
8610	0.97248	10.0005	0.000968211	
8620	0.97858	10.0003	0.000828058	
8630	0.97412	10.0007	0.000953502	
8640	0.97146	10.0006	0.00102827	
8650	0.96984	10.0005	0.000970321	
8660	0.97076	10.0005	0.00104916	
8670	0.97324	10.0004	0.000891239	
8680	0.97354	10.0004	0.000910036	
8690	0.97668	10.0004	0.000896621	
8700	0.96746	10.0002	0.00104017	
8710	0.97346	10.0003	0.0010096	
8720	0.9735	10.0003	0.000887029	
8730	0.97594	10.0006	0.000840567	
8740	0.97118	10.0004	0.000966385	
8750	0.9721	10.0004	0.000921056	
8760	0.96738	10.0005	0.000975417	
8770	0.96862	10.0003	0.000954078	
8780	0.97112	10.0003	0.000957285	
8790	0.97418	10.0004	0.000897021	
8800	0.9812	10.0004	0.000770431	
8810	0.97156	10.0004	0.00101995	
8820	0.97484	10.0006	0.000989972	
8830	0.97172	10.0004	0.000983301	
8840	0.9773	10.0005	0.000834169	
8850	0.97378	10.0003	0.000944885	
8860	0.96792	10.0005	0.00105612	
8870	0.9784	10.0003	0.000818013	
8880	0.97294	10.0004	0.00100108	
8890	0.97194	10.0004	0.000954913	
8900	0.9642	10.0004	0.00111366	
8910	0.97632	10.0005	0.000863707	
8920	0.97318	10.0006	0.000996646	
8930	0.97654	10.0005	0.000880812	
8940	0.97436	10.0006	0.000920584	
8950	0.96596	10.0007	0.00109798	
8960	0.97056	10.0003	0.000877203	
8970	0.972	10.0003	0.000944508	
8980	0.97904	10.0003	0.000886596	
8990	0.97582	10.0005	0.000883689	
9000	0.97438	10.0003	0.000916412	
9010	0.98492	10.0004	0.000720663	
9020	0.98112	10.0003	0.000793757	
9030	0.97474	10.0004	0.000926866	
9040	0.97004	10.0002	0.000974781	
9050	0.97198	10.0003	0.000929234	
9060	0.97158	10.0005	0.00102359	
9070	0.98136	10.0005	0.000848723	
9080	0.97738	10.0007	0.000886346	
9090	0.97448	10.0006	0.000892073	
9100	0.97362	10.0004	0.000861022	
9110	0.97434	10.0002	0.000938375	
9120	0.97724	10.0006	0.000889416	
9130	0.96412	10.0004	0.00104119	
9140	0.96864	10.0004	0.00103813	
9150	0.97248	10.0004	0.00106368	
9160	0.9706	10.0003	0.000976345	
9170	0.96956	10.0005	0.000949883	
9180	0.97504	10.0004	0.000854413	
9190	0.97274	10.0004	0.000938117	
9200	0.97164	10.0004	0.00101855	
9210	0.97848	10.0006	0.000808718	
9220	0.97322	10.0002	0.000953538	
9230	0.98008	10.0003	0.00085341	
9240	0.98292	10.0004	0.000773376	
9250	0.9761	10.0004	0.000872185	
9260	0.97036	10.0005	0.00101815	
9270	0.9755	10.0006	0.00089058	
9280	0.9728	10.0003	0.000924551	
9290	0.97604	10.0006	0.00087498	
9300	0.97466	10.0004	0.000946895	
9310	0.97102	10.0005	0.000955328	
9320	0.97004	10.0005	0.000917722	
9330	0.96768	10.0005	0.00102321	
9340	0.96956	10.0005	0.00104491	
9350	0.96844	10.0004	0.000970853	
9360	0.96726	10.0005	0.00104951	
9370	0.97294	10.0002	0.000921309	
9380	0.97096	10.0003	0.00101771	
9390	0.97284	10.0003	0.000914486	
9400	0.97206	10.0003	0.000996035	
9410	0.97168	10.0002	0.000941731	
9420	0.97318	10.0005	0.000899553	
9430	0.97438	10.0003	0.000852145	
9440	0.97446	10.0005	0.000851332	
9450	0.9708	10.0005	0.00100035	
9460	0.97168	10.0003	0.00097664	
9470	0.96608	10.0004	0.00100095	
9480	0.97118	10.0005	0.00102021	
9490	0.96996	10.0004	0.00104565	
9500	0.96722	10.0004	0.00103865	
9510	0.96684	10.0002	0.00101005	
9520	0.97048	10.0005	0.000940933	
9530	0.9672	10.0008	0.00100459	
9540	0.96202	10.0005	0.00110574	
9550	0.96822	10.0004	0.000995286	
9560	0.96736	10.0005	0.00107517	
9570	0.96724	10.0003	0.0010259	
9580	0.97154	10.0004	0.000977053	
9590	0.96854	10.0002	0.000987302	
9600	0.97202	10.0003	0.000948776	
9610	0.96718	10.0005	0.00107389	
9620	0.9773	10.0003	0.000824776	
9630	0.97416	10.0004	0.00089357	
9640	0.97516	10.0005	0.000934785	
9650	0.96806	10.0004	0.0010054	
9660	0.97284	10.0006	0.00089244	
9670	0.97196	10.0004	0.000950118	
9680	0.97336	10.0005	0.000947304	
9690	0.96188	10.0003	0.00110399	
9700	0.9717	10.0005	0.000905736	
9710	0.98234	10.0004	0.000706404	
9720	0.97768	10.0004	0.000947962	
9730	0.97148	10.0002	0.000984446	
9740	0.96764	10.0004	0.00103837	
9750	0.9761	10.0003	0.00091615	
9760	0.97054	10.0004	0.0010497	
9770	0.9746	10.0005	0.000929056	
9780	0.97134	10.0007	0.000945117	
9790	0.9722	10.0007	0.000920183	
9800	0.96272	10.0006	0.00101671	
9810	0.96532	10.0006	0.00111536	
9820	0.96356	10.0003	0.00112081	
9830	0.9654	10.0003	0.00100049	
9840	0.95756	10.0006	0.00114078	
9850	0.96658	10.0003	0.000997439	
9860	0.969	10.0004	0.00108199	
9870	0.97156	10.0006	0.000943327	
9880	0.96852	10.0007	0.00108287	
9890	0.96846	10.0004	0.00101764	
9900	0.97672	10.0004	0.000932234	
9910	0.97292	10.0004	0.00091259	
9920	0.975	10.0005	0.000792209	
9930	0.97446	10.0005	0.000913673	
9940	0.97004	10.0007	0.00102016	
9950	0.97736	10.0003	0.000897199	
9960	0.9741	10.0005	0.000922124	
9970	0.96334	10.0004	0.00105843	
9980	0.9752	10.0007	0.000905663	
9990	0.96342	10.0003	0.00110159	
