G	ifd_prop	time_to_IFD	sd_intake	
0	0.99997	7.60021	3.80703e-05	
10	1	7.57024	4.16521e-05	
20	0.99989	8.53019	4.82008e-05	
30	0.99995	8.91024	4.56221e-05	
40	0.99993	8.21015	4.6835e-05	
50	0.99995	7.66016	3.83191e-05	
60	0.99989	8.24029	4.81093e-05	
70	0.9999	8.77022	4.23326e-05	
80	0.99995	8.80015	4.56038e-05	
90	0.9999	8.94018	4.93939e-05	
100	0.99997	7.88024	4.372e-05	
110	0.99987	8.84013	4.47996e-05	
120	0.99992	7.87019	4.3656e-05	
130	0.99991	8.40013	4.6581e-05	
140	0.99996	7.87019	4.14446e-05	
150	0.99986	9.24022	4.8804e-05	
160	0.99988	8.39026	4.71824e-05	
170	0.99996	7.80028	4.12718e-05	
180	0.99991	8.30028	4.74262e-05	
190	0.99999	8.02016	4.18155e-05	
200	0.99999	7.84018	3.75469e-05	
210	0.99997	8.35018	4.054e-05	
220	0.99994	8.0002	3.83006e-05	
230	0.99992	8.14018	4.07583e-05	
240	0.99994	7.94015	4.04576e-05	
250	0.99995	8.05028	4.67815e-05	
260	0.99993	9.12026	4.63033e-05	
270	0.99992	8.74019	5.22814e-05	
280	0.99988	8.92035	4.50949e-05	
290	0.99993	8.27016	4.30557e-05	
300	0.99987	8.79035	5.23915e-05	
310	0.99993	8.5102	4.86949e-05	
320	0.99994	8.82013	4.66513e-05	
330	0.99995	8.73018	3.95794e-05	
340	0.99991	8.20014	4.18387e-05	
350	0.99994	8.27025	4.94884e-05	
360	0.99992	8.69017	4.95873e-05	
370	0.99999	8.49028	4.34951e-05	
380	0.99996	7.9001	4.16818e-05	
390	0.99995	8.60016	5.13136e-05	
400	0.9999	8.81013	4.98413e-05	
410	0.9999	8.52033	4.22398e-05	
420	0.99992	9.03017	4.81552e-05	
430	0.99992	8.74028	5.07892e-05	
440	0.99984	9.16011	4.96107e-05	
450	0.99994	8.48019	4.08131e-05	
460	0.99996	8.47015	4.77211e-05	
470	0.99995	9.10016	5.04959e-05	
480	0.99995	8.58011	4.469e-05	
490	0.99988	8.72018	4.76186e-05	
500	0.99992	8.03032	4.76407e-05	
510	0.99997	7.35011	4.46095e-05	
520	0.99998	7.71021	3.55726e-05	
530	0.99988	9.40035	5.05251e-05	
540	0.99991	8.96022	4.66951e-05	
550	0.99997	8.10014	3.90734e-05	
560	0.99997	8.58029	3.95685e-05	
570	0.99989	8.38021	4.37788e-05	
580	0.99993	8.81027	4.74112e-05	
590	0.99998	7.84016	4.60668e-05	
600	0.99996	8.77009	4.40244e-05	
610	0.99996	8.20025	4.24341e-05	
620	0.99993	8.7601	4.5186e-05	
630	0.9999	8.71017	4.71015e-05	
640	0.99993	8.60019	5.00498e-05	
650	0.99991	8.33018	4.35009e-05	
660	0.99991	8.6703	4.53299e-05	
670	0.99991	8.1702	4.59201e-05	
680	0.9998	8.63023	5.6413e-05	
690	0.99993	8.65013	4.94771e-05	
700	0.99981	9.3502	5.26627e-05	
710	0.99992	9.16028	5.19209e-05	
720	0.99983	9.04023	4.74553e-05	
730	0.9999	9.34026	5.01155e-05	
740	0.99987	9.10016	5.01951e-05	
750	0.99995	8.38037	4.33096e-05	
760	0.99989	9.33029	5.07094e-05	
770	0.99988	9.49031	5.32759e-05	
780	0.99989	8.53022	4.79308e-05	
790	0.99993	9.01015	5.10729e-05	
800	0.99987	8.7502	5.28674e-05	
810	0.99982	8.91018	4.82482e-05	
820	0.9999	9.10027	4.52778e-05	
830	0.99976	9.36016	5.51134e-05	
840	0.99988	8.73026	4.34628e-05	
850	0.99983	8.64024	5.0261e-05	
860	0.99993	8.80019	3.9841e-05	
870	0.99991	8.50026	5.07426e-05	
880	0.99984	9.24015	5.53626e-05	
890	0.99989	9.02015	4.7039e-05	
900	0.99989	8.77025	4.2895e-05	
910	0.99988	8.81022	4.74457e-05	
920	0.99995	8.52015	4.24368e-05	
930	0.99995	8.44017	3.8254e-05	
940	0.99994	8.25019	4.5619e-05	
950	0.99983	9.19019	4.37509e-05	
960	0.9999	9.4102	4.86309e-05	
970	0.99971	9.71017	5.87229e-05	
980	0.99989	8.74013	5.0768e-05	
990	0.99988	9.37025	4.79713e-05	
1000	0.99997	8.69025	3.82179e-05	
1010	0.99971	9.65014	5.52874e-05	
1020	0.99981	9.06027	5.83973e-05	
1030	0.99996	8.63034	4.03208e-05	
1040	0.99994	8.35021	4.37518e-05	
1050	0.99991	8.62024	4.23847e-05	
1060	0.99972	8.79026	4.82422e-05	
1070	0.99989	9.14016	4.57996e-05	
1080	0.99998	8.97028	4.38089e-05	
1090	0.99985	9.01018	4.69145e-05	
1100	0.99983	9.43029	5.14458e-05	
1110	0.99988	9.03025	5.4228e-05	
1120	0.99973	9.11032	6.16282e-05	
1130	0.99974	9.25014	5.44701e-05	
1140	0.99987	9.43011	5.05853e-05	
1150	0.99975	8.9704	5.05729e-05	
1160	0.99988	9.14036	4.17929e-05	
1170	0.99985	9.16025	4.68547e-05	
1180	0.99981	8.84019	5.79206e-05	
1190	0.99981	9.29033	5.34339e-05	
1200	0.99977	8.76039	5.57144e-05	
1210	0.99984	8.78019	4.70825e-05	
1220	0.9996	9.55029	6.33476e-05	
1230	0.99958	9.43015	5.43839e-05	
1240	0.99964	9.23031	6.37051e-05	
1250	0.9998	9.38024	5.24327e-05	
1260	0.99994	8.5704	4.00215e-05	
1270	0.99985	8.76016	4.83398e-05	
1280	0.99982	9.33021	4.90689e-05	
1290	0.99982	9.17042	5.81712e-05	
1300	0.99962	9.52021	5.74612e-05	
1310	0.99972	9.41008	5.96074e-05	
1320	0.99969	9.00025	6.05823e-05	
1330	0.99971	9.28022	5.10597e-05	
1340	0.99984	9.4504	5.64218e-05	
1350	0.99977	9.61018	5.5174e-05	
1360	0.99986	8.98023	4.43692e-05	
1370	0.99978	9.04011	5.27701e-05	
1380	0.99967	9.76039	6.39003e-05	
1390	0.99963	9.78018	6.24861e-05	
1400	0.99975	9.2503	4.9722e-05	
1410	0.99943	9.62027	6.68244e-05	
1420	0.99967	9.33023	4.95287e-05	
1430	0.99964	9.68038	5.17903e-05	
1440	0.99978	9.27033	5.58002e-05	
1450	0.99964	9.4002	5.96399e-05	
1460	0.99955	9.33018	6.85148e-05	
1470	0.99971	9.7003	5.21479e-05	
1480	0.99931	10.0003	6.72844e-05	
1490	0.99945	9.62027	7.46682e-05	
1500	0.99969	9.27021	4.8072e-05	
1510	0.99968	9.84036	5.83593e-05	
1520	0.99972	9.3204	5.13955e-05	
1530	0.99964	9.14036	5.17196e-05	
1540	0.99967	9.24024	6.76979e-05	
1550	0.99947	10.0003	7.33561e-05	
1560	0.99974	9.27016	5.52899e-05	
1570	0.99986	9.64023	4.83833e-05	
1580	0.99963	9.96019	5.82146e-05	
1590	0.99951	9.95019	7.22713e-05	
1600	0.99958	9.49031	7.04672e-05	
1610	0.99964	9.60033	5.98933e-05	
1620	0.99963	9.51031	5.81789e-05	
1630	0.99953	9.74035	7.56569e-05	
1640	0.99953	9.84026	6.36777e-05	
1650	0.9998	9.5504	6.09146e-05	
1660	0.99957	9.79028	6.8579e-05	
1670	0.9997	9.03015	6.08879e-05	
1680	0.99967	9.12025	6.85479e-05	
1690	0.99951	9.65014	5.62939e-05	
1700	0.99935	9.77029	8.3214e-05	
1710	0.99933	9.49029	8.5537e-05	
1720	0.9996	9.50036	6.03777e-05	
1730	0.9997	9.50024	5.54783e-05	
1740	0.99945	9.56027	5.40737e-05	
1750	0.99958	9.26023	6.86627e-05	
1760	0.9994	9.7602	6.08437e-05	
1770	0.99942	9.82043	7.13664e-05	
1780	0.99951	9.40024	6.41988e-05	
1790	0.99933	9.84031	7.50652e-05	
1800	0.99973	9.81023	6.4701e-05	
1810	0.99922	9.88027	6.37004e-05	
1820	0.99988	9.47032	4.83853e-05	
1830	0.99963	9.55028	6.52914e-05	
1840	0.99956	9.63026	5.61473e-05	
1850	0.9991	9.73018	6.4909e-05	
1860	0.99947	9.90039	6.79946e-05	
1870	0.99967	9.22024	5.6704e-05	
1880	0.99926	9.98022	7.33822e-05	
1890	0.99928	9.80035	6.91083e-05	
1900	0.99944	9.61033	6.13008e-05	
1910	0.99975	9.75014	4.45143e-05	
1920	0.99896	9.89053	9.1578e-05	
1930	0.99941	9.94023	7.60351e-05	
1940	0.9997	9.29025	4.66777e-05	
1950	0.99942	9.28023	5.89815e-05	
1960	0.99918	9.78019	6.91041e-05	
1970	0.99911	9.7502	8.32607e-05	
1980	0.99923	9.68027	7.61143e-05	
1990	0.99945	9.91037	7.81638e-05	
2000	0.99883	10.0003	0.000107851	
2010	0.99924	9.85024	7.6213e-05	
2020	0.99869	9.85023	0.000104394	
2030	0.99923	9.81023	9.23835e-05	
2040	0.99894	9.95043	9.70402e-05	
2050	0.99908	9.72017	7.30045e-05	
2060	0.99934	9.59036	6.98755e-05	
2070	0.99934	9.63033	8.39394e-05	
2080	0.99888	10.0004	8.40208e-05	
2090	0.99904	9.92032	8.13472e-05	
2100	0.99932	9.72024	6.22928e-05	
2110	0.99906	9.82023	8.647e-05	
2120	0.99931	9.57022	7.19608e-05	
2130	0.99912	9.87031	9.01405e-05	
2140	0.99921	9.85036	7.18125e-05	
2150	0.99865	9.8404	9.6359e-05	
2160	0.99932	9.73031	6.89683e-05	
2170	0.9989	9.99024	8.85971e-05	
2180	0.9989	10.0003	0.000110403	
2190	0.99904	9.91027	8.90175e-05	
2200	0.9994	9.66031	7.26992e-05	
2210	0.99896	9.86035	8.67027e-05	
2220	0.99886	9.81038	8.67059e-05	
2230	0.99925	9.95029	7.10327e-05	
2240	0.99863	10.0003	0.000111911	
2250	0.999	10.0003	8.81714e-05	
2260	0.99904	10.0003	9.34566e-05	
2270	0.99924	9.77034	6.74743e-05	
2280	0.99852	9.99024	0.000102559	
2290	0.99879	9.98039	0.000112488	
2300	0.9989	9.97011	9.68668e-05	
2310	0.99897	9.57034	8.66627e-05	
2320	0.99868	9.86039	0.00010666	
2330	0.99914	9.73033	7.98457e-05	
2340	0.99888	9.89045	0.000100604	
2350	0.99889	9.79034	0.000101897	
2360	0.99848	9.91038	9.16336e-05	
2370	0.99893	9.64026	9.3352e-05	
2380	0.99897	9.8802	8.8251e-05	
2390	0.99874	10.0002	8.01049e-05	
2400	0.99879	9.81044	9.7718e-05	
2410	0.99826	10.0002	0.000121627	
2420	0.99819	10.0004	0.0001108	
2430	0.99898	9.87029	7.81078e-05	
2440	0.99861	10.0001	0.000117228	
2450	0.9988	9.89027	8.50206e-05	
2460	0.99864	10.0002	0.000122653	
2470	0.99892	9.99031	9.04733e-05	
2480	0.99792	10.0002	0.000162785	
2490	0.99874	9.99019	9.50932e-05	
2500	0.99873	9.85037	7.68717e-05	
2510	0.99868	10.0004	0.000100129	
2520	0.99902	9.9204	8.62022e-05	
2530	0.99896	9.63013	8.97182e-05	
2540	0.99827	10.0004	0.000130028	
2550	0.99905	9.79044	8.26766e-05	
2560	0.9979	10.0004	0.000142237	
2570	0.99797	10.0004	0.000109416	
2580	0.99864	9.9704	0.000104253	
2590	0.99887	9.80044	8.35387e-05	
2600	0.99838	10.0003	0.000116542	
2610	0.9985	9.93034	0.000108645	
2620	0.99849	9.93048	0.000116104	
2630	0.99811	9.82041	0.000125657	
2640	0.99814	10.0003	9.03525e-05	
2650	0.99743	9.88026	0.000124118	
2660	0.99759	10.0005	0.000152581	
2670	0.99774	9.95052	0.00013239	
2680	0.9977	10.0004	0.000150565	
2690	0.99797	9.8603	0.000139504	
2700	0.99737	10.0004	0.000151353	
2710	0.99746	10.0003	0.000138583	
2720	0.99739	10.0002	0.000119404	
2730	0.99803	10.0003	0.00011394	
2740	0.99783	10.0003	0.000131264	
2750	0.99757	10.0003	0.000147962	
2760	0.9973	10.0003	0.000119443	
2770	0.99823	9.93026	0.000141082	
2780	0.99747	9.85037	0.00013086	
2790	0.99719	10.0003	0.000144656	
2800	0.99835	10.0003	8.69489e-05	
2810	0.99717	10.0002	0.000153609	
2820	0.99769	10.0004	0.000139497	
2830	0.99739	9.79032	0.000137632	
2840	0.99756	9.82033	0.000116574	
2850	0.99728	10.0002	0.000130304	
2860	0.99648	10.0005	0.000183021	
2870	0.99749	10.0003	0.000162895	
2880	0.99714	10.0004	0.000126799	
2890	0.9962	10.0003	0.000172763	
2900	0.99714	9.90028	0.000134011	
2910	0.99748	10.0003	0.000156255	
2920	0.99632	10.0004	0.000123821	
2930	0.99752	9.9805	0.000130427	
2940	0.99701	10.0003	0.000140688	
2950	0.99753	10.0005	0.000137164	
2960	0.9969	9.93023	0.000151295	
2970	0.99696	10.0005	0.000151827	
2980	0.99668	9.96036	0.000144274	
2990	0.99758	9.92032	0.000112822	
3000	0.99771	9.96036	0.000114117	
3010	0.99637	9.89026	0.000148231	
3020	0.9964	9.93035	0.00016194	
3030	0.99583	10.0003	0.000189334	
3040	0.997	10.0005	0.000134132	
3050	0.99676	9.91023	0.000138266	
3060	0.99601	10.0005	0.000174351	
3070	0.99717	10.0003	0.000154146	
3080	0.99747	10.0004	0.000138325	
3090	0.9973	9.86028	0.000136341	
3100	0.99677	10.0004	0.000158976	
3110	0.99674	10.0003	0.000163061	
3120	0.99713	10.0002	0.000137334	
3130	0.99517	10.0003	0.000201144	
3140	0.99524	10.0004	0.000165371	
3150	0.99699	10.0005	0.000161257	
3160	0.99591	10.0004	0.0002038	
3170	0.99575	10.0003	0.000199864	
3180	0.99557	10.0002	0.00017188	
3190	0.99503	10.0005	0.000207997	
3200	0.99514	10.0002	0.000186232	
3210	0.99586	10.0007	0.000190995	
3220	0.99658	10.0004	0.000193032	
3230	0.99546	10.0003	0.000182023	
3240	0.99452	10.0003	0.000191283	
3250	0.99395	10.0002	0.00021625	
3260	0.99515	10.0004	0.000217353	
3270	0.99447	10.0005	0.00025439	
3280	0.99483	10.0004	0.000221018	
3290	0.99396	10.0006	0.00020648	
3300	0.994	10.0003	0.000221287	
3310	0.99329	10.0002	0.000224669	
3320	0.9938	10.0004	0.000237928	
3330	0.99296	10.0004	0.000205859	
3340	0.99288	10.0006	0.000259389	
3350	0.99433	10.0001	0.000206048	
3360	0.99344	10.0005	0.000212937	
3370	0.99272	10.0002	0.000250474	
3380	0.99257	10.0006	0.000239057	
3390	0.99309	10.0004	0.000219953	
3400	0.99339	10.0004	0.000202518	
3410	0.99477	9.96048	0.000181554	
3420	0.99306	10.0004	0.000229676	
3430	0.99398	10.0003	0.000202669	
3440	0.99209	10.0005	0.00025862	
3450	0.99229	10.0004	0.000211453	
3460	0.99565	10.0006	0.000177663	
3470	0.99382	10.0006	0.000207123	
3480	0.99229	10.0004	0.000250938	
3490	0.99292	10.0003	0.000247715	
3500	0.99165	10.0004	0.000258518	
3510	0.99359	10.0005	0.000222727	
3520	0.99441	10.0004	0.00023729	
3530	0.99342	10.0004	0.000234136	
3540	0.9928	10.0005	0.000201844	
3550	0.9906	10.0006	0.00021227	
3560	0.99336	10.0004	0.000212772	
3570	0.99272	10.0004	0.000211189	
3580	0.99284	10.0004	0.000251966	
3590	0.99426	10.0004	0.000215704	
3600	0.9919	10.0003	0.000260088	
3610	0.9932	10.0003	0.000228339	
3620	0.99321	10.0003	0.000229429	
3630	0.99216	10.0002	0.000238157	
3640	0.99271	10.0005	0.000228182	
3650	0.99009	10.0004	0.000278624	
3660	0.99095	10.0004	0.000273365	
3670	0.99381	10.0003	0.00025788	
3680	0.99262	10.0003	0.000225811	
3690	0.98907	10.0004	0.000307674	
3700	0.99286	10.0003	0.000283527	
3710	0.99128	10.0004	0.000246979	
3720	0.99127	10.0005	0.000232458	
3730	0.9906	10.0003	0.00024439	
3740	0.99152	10.0003	0.000232025	
3750	0.99326	10.0007	0.000231957	
3760	0.98904	10.0005	0.000334303	
3770	0.99122	10.0003	0.000284708	
3780	0.99278	10.0004	0.000254349	
3790	0.99119	10.0004	0.000263177	
3800	0.98794	10.0006	0.000279528	
3810	0.98658	10.0005	0.00030604	
3820	0.98873	10.0005	0.000292258	
3830	0.98794	10.0005	0.00029309	
3840	0.98608	10.0002	0.000321287	
3850	0.9885	10.0005	0.000335354	
3860	0.98867	10.0006	0.000288663	
3870	0.98737	10.0004	0.000303425	
3880	0.98791	10.0005	0.000316013	
3890	0.98582	10.0004	0.000343923	
3900	0.989	10.0004	0.00026912	
3910	0.98656	10.0004	0.000346761	
3920	0.98666	10.0004	0.000341403	
3930	0.98394	10.0003	0.000362873	
3940	0.98918	10.0004	0.000314467	
3950	0.98631	10.0003	0.000310136	
3960	0.98262	10.0003	0.000400921	
3970	0.98706	10.0003	0.000304707	
3980	0.98705	10.0005	0.000357175	
3990	0.98646	10.0004	0.00033999	
4000	0.98963	10.0002	0.000267944	
4010	0.98768	10.0004	0.000315014	
4020	0.9875	10.0006	0.000345327	
4030	0.9855	10.0006	0.000333963	
4040	0.98589	10.0004	0.000326003	
4050	0.98761	10.0005	0.000261413	
4060	0.98243	10.0006	0.000315891	
4070	0.98468	10.0006	0.000409471	
4080	0.98397	10.0009	0.000347017	
4090	0.98204	10.0004	0.000357229	
4100	0.98581	10.0004	0.00030673	
4110	0.98289	10.0004	0.000382837	
4120	0.98463	10.0004	0.000333594	
4130	0.98298	10.0005	0.000392154	
4140	0.98644	10.0006	0.000291016	
4150	0.98212	10.0004	0.000354596	
4160	0.98689	10.0005	0.000318984	
4170	0.98574	10.0004	0.000368338	
4180	0.98037	10.0005	0.000394829	
4190	0.98585	10.0003	0.000364115	
4200	0.98331	10.0007	0.000380251	
4210	0.98194	10.0005	0.000386698	
4220	0.98124	10.0003	0.000400266	
4230	0.98579	10.0002	0.000349107	
4240	0.98491	10.0003	0.000373622	
4250	0.98417	10.0006	0.000374748	
4260	0.98049	10.0004	0.000397365	
4270	0.98088	10.0003	0.000375422	
4280	0.98297	10.0006	0.000364365	
4290	0.98594	10.0005	0.000367506	
4300	0.98429	10.0004	0.000361025	
4310	0.98588	10.0003	0.000318984	
4320	0.9802	10.0003	0.00039299	
4330	0.98736	10.0003	0.000316983	
4340	0.98263	10.0003	0.000339694	
4350	0.98398	10.0003	0.000357491	
4360	0.98372	10.0006	0.000400321	
4370	0.97996	10.0004	0.00038724	
4380	0.98043	10.0005	0.000421462	
4390	0.98034	10.0005	0.000392155	
4400	0.97577	10.0004	0.000460427	
4410	0.97605	10.0004	0.000440569	
4420	0.97879	10.0003	0.000408438	
4430	0.98093	10.0005	0.000423183	
4440	0.98026	10.0003	0.0003644	
4450	0.98241	10.0004	0.000346409	
4460	0.97978	10.0004	0.000397857	
4470	0.98006	10.0004	0.000369187	
4480	0.98087	10.0003	0.000420591	
4490	0.97966	10.0004	0.000386143	
4500	0.98348	10.0003	0.000384098	
4510	0.98277	10.0003	0.00036724	
4520	0.98582	10.0003	0.000362262	
4530	0.97954	10.0006	0.000393712	
4540	0.9775	10.0004	0.000390328	
4550	0.9822	10.0005	0.000372428	
4560	0.98483	10.0005	0.000361375	
4570	0.98492	10.0002	0.000381435	
4580	0.98307	10.0004	0.000343077	
4590	0.98115	10.0003	0.000377087	
4600	0.98068	10.0002	0.000364499	
4610	0.97891	10.0003	0.000377569	
4620	0.97625	10.0003	0.000417056	
4630	0.97565	10.0005	0.000466594	
4640	0.97997	10.0002	0.000420535	
4650	0.97598	10.0003	0.000431805	
4660	0.97717	10.0003	0.000478244	
4670	0.97926	10.0001	0.000397816	
4680	0.97779	10.0006	0.000440265	
4690	0.97787	10.0004	0.000403054	
4700	0.98098	10.0004	0.0003933	
4710	0.9774	10.0003	0.000410052	
4720	0.9761	10.0005	0.000420085	
4730	0.97922	10.0002	0.000440278	
4740	0.97554	10.0004	0.000451445	
4750	0.97785	10.0003	0.000433417	
4760	0.97579	10.0003	0.000455825	
4770	0.96966	10.0003	0.000511047	
4780	0.96992	10.0004	0.00052534	
4790	0.96701	10.0003	0.000519434	
4800	0.97118	10.0003	0.000466534	
4810	0.97803	10.0003	0.000410924	
4820	0.97356	10.0005	0.000442417	
4830	0.97024	10.0005	0.000500082	
4840	0.96586	10.0004	0.000520207	
4850	0.97248	10.0004	0.000434733	
4860	0.97106	10.0003	0.000514544	
4870	0.97024	10.0005	0.000473847	
4880	0.97319	10.0002	0.000443542	
4890	0.97137	10.0002	0.000454639	
4900	0.97275	10.0004	0.000440428	
4910	0.97111	10.0002	0.000482713	
4920	0.96956	10.0003	0.000491341	
4930	0.96522	10.0003	0.000563758	
4940	0.96999	10.0002	0.000467633	
4950	0.97247	10.0004	0.000494887	
4960	0.97067	10.0004	0.00050865	
4970	0.97054	10.0004	0.000487374	
4980	0.97599	10.0005	0.000420318	
4990	0.97119	10.0003	0.000469941	
5000	0.96565	10.0006	0.000485612	
5010	0.96514	10.0004	0.000523554	
5020	0.97279	10.0005	0.00047609	
5030	0.96888	10.0001	0.000507254	
5040	0.96944	10.0003	0.000490582	
5050	0.96613	10.0003	0.000492873	
5060	0.97261	10.0005	0.000461288	
5070	0.96379	10.0003	0.000524628	
5080	0.96649	10.0003	0.000535665	
5090	0.96735	10.0003	0.000520076	
5100	0.9733	10.0002	0.000482162	
5110	0.97411	10.0004	0.000429206	
5120	0.9657	10.0002	0.000552523	
5130	0.97061	10.0003	0.000480338	
5140	0.97098	10.0002	0.000505621	
5150	0.96596	10.0004	0.000532907	
5160	0.96143	10.0002	0.000546091	
5170	0.96131	10.0003	0.000540436	
5180	0.96722	10.0002	0.000525078	
5190	0.96865	10.0002	0.000443592	
5200	0.96493	10.0002	0.000555105	
5210	0.96894	10.0003	0.000489059	
5220	0.96474	10.0003	0.000549194	
5230	0.97009	10.0005	0.000524403	
5240	0.96407	10.0004	0.000562234	
5250	0.96795	10.0002	0.000513469	
5260	0.96893	10.0003	0.000518484	
5270	0.96644	10.0002	0.000515841	
5280	0.96405	10.0005	0.000554826	
5290	0.96924	10.0004	0.00048759	
5300	0.95427	10.0002	0.000633631	
5310	0.96779	10.0003	0.000502736	
5320	0.96552	10.0003	0.000563176	
5330	0.96584	10.0003	0.00053048	
5340	0.96826	10.0003	0.000506779	
5350	0.96806	10.0006	0.000501063	
5360	0.97007	10.0003	0.000476313	
5370	0.95886	10.0003	0.000583495	
5380	0.96293	10.0002	0.000542671	
5390	0.96823	10.0003	0.000498371	
5400	0.96397	10.0004	0.000589996	
5410	0.96657	10.0004	0.000523621	
5420	0.96228	10.0003	0.000547047	
5430	0.96126	10.0003	0.000549276	
5440	0.96997	10.0002	0.000494772	
5450	0.96644	10.0004	0.000523209	
5460	0.96554	10.0003	0.00049169	
5470	0.96758	10.0003	0.000475194	
5480	0.96846	10.0001	0.000522166	
5490	0.96987	10.0004	0.000518386	
5500	0.96638	10.0002	0.000487978	
5510	0.96262	10.0002	0.000536627	
5520	0.96761	10.0003	0.000498122	
5530	0.96756	10.0003	0.000524619	
5540	0.96008	10.0003	0.000572749	
5550	0.96351	10.0004	0.000545371	
5560	0.96932	10.0003	0.000521943	
5570	0.96723	10.0002	0.000537506	
5580	0.96763	10.0002	0.000524942	
5590	0.96997	10.0003	0.000490955	
5600	0.96759	10.0005	0.000514374	
5610	0.97135	10.0004	0.000472035	
5620	0.96643	10.0001	0.000500147	
5630	0.96437	10.0001	0.000527269	
5640	0.96817	10.0002	0.000501055	
5650	0.95748	10.0003	0.000609433	
5660	0.95637	10.0003	0.00056497	
5670	0.96105	10.0002	0.000569764	
5680	0.95559	10.0004	0.000623117	
5690	0.96416	10.0003	0.000612715	
5700	0.96679	10.0003	0.000477392	
5710	0.96755	10.0002	0.00052257	
5720	0.96448	10.0002	0.000542233	
5730	0.96681	10.0004	0.000540814	
5740	0.96577	10.0004	0.000561045	
5750	0.97116	10.0004	0.000495704	
5760	0.97152	10.0005	0.00045286	
5770	0.96719	10.0002	0.000514805	
5780	0.96596	10.0002	0.000550633	
5790	0.97103	10.0003	0.000476992	
5800	0.96605	10.0005	0.000536912	
5810	0.96667	10.0003	0.000512661	
5820	0.96925	10.0002	0.000505195	
5830	0.96431	10.0002	0.00052019	
5840	0.9635	10.0003	0.000487153	
5850	0.96787	10.0002	0.000498945	
5860	0.96585	10.0002	0.000562911	
5870	0.96621	10.0002	0.000517095	
5880	0.96994	10.0003	0.000471569	
5890	0.96598	10.0002	0.000521809	
5900	0.9629	10.0004	0.000531898	
5910	0.9646	10.0003	0.000491355	
5920	0.96739	10.0002	0.000526481	
5930	0.97053	10.0003	0.000451384	
5940	0.96965	10.0003	0.000511138	
5950	0.97353	10.0002	0.000462171	
5960	0.97158	10.0003	0.000489292	
5970	0.96944	10.0003	0.000520474	
5980	0.96276	10.0003	0.000541089	
5990	0.9714	10.0002	0.000481309	
6000	0.96525	10.0003	0.000547205	
6010	0.96131	10.0002	0.000579921	
6020	0.96161	10.0004	0.000573385	
6030	0.96214	10.0002	0.000555698	
6040	0.9643	10.0002	0.000578776	
6050	0.96673	10.0004	0.000531639	
6060	0.96952	10.0003	0.000503163	
6070	0.96393	10.0002	0.000517552	
6080	0.97264	10.0003	0.00047671	
6090	0.96653	10.0003	0.000515475	
6100	0.96845	10.0003	0.000509459	
6110	0.96252	10.0002	0.000580329	
6120	0.96932	10.0003	0.000463462	
6130	0.9659	10.0004	0.000517102	
6140	0.96403	10.0003	0.000530848	
6150	0.96808	10.0002	0.000512052	
6160	0.97006	10.0003	0.000460501	
6170	0.96799	10.0003	0.000530144	
6180	0.96234	10.0002	0.000507923	
6190	0.96556	10.0002	0.000557575	
6200	0.96666	10.0002	0.000550376	
6210	0.96561	10.0002	0.000543091	
6220	0.96698	10.0003	0.000523615	
6230	0.96645	10.0003	0.000536538	
6240	0.96202	10.0002	0.000557154	
6250	0.96531	10.0004	0.000507093	
6260	0.95719	10.0003	0.000564184	
6270	0.96857	10.0002	0.000506205	
6280	0.9688	10.0002	0.000493583	
6290	0.96807	10.0002	0.000529446	
6300	0.96527	10.0001	0.000539278	
6310	0.96557	10.0004	0.000527898	
6320	0.96434	10.0004	0.00055028	
6330	0.97077	10.0003	0.000493252	
6340	0.97152	10.0002	0.00046239	
6350	0.97296	10.0004	0.000463314	
6360	0.96419	10.0003	0.000517439	
6370	0.9536	10.0003	0.000591587	
6380	0.96221	10.0004	0.000555327	
6390	0.97218	10.0002	0.000459734	
6400	0.97142	10.0002	0.000488917	
6410	0.96844	10.0002	0.000518104	
6420	0.96844	10.0003	0.000507055	
6430	0.96026	10.0003	0.000580616	
6440	0.96241	10.0005	0.000583936	
6450	0.96224	10.0003	0.000475293	
6460	0.96122	10.0003	0.000526143	
6470	0.96621	10.0002	0.000544955	
6480	0.97243	10.0003	0.000448919	
6490	0.97057	10.0003	0.000504863	
6500	0.97343	10.0002	0.000482926	
6510	0.96848	10.0004	0.000499604	
6520	0.97078	10.0003	0.000481342	
6530	0.97005	10.0002	0.000489709	
6540	0.97239	10.0002	0.000486605	
6550	0.97216	10.0003	0.000467124	
6560	0.97535	10.0002	0.000488672	
6570	0.96096	10.0002	0.000605131	
6580	0.95732	10.0002	0.00054171	
6590	0.96409	10.0003	0.000525022	
6600	0.968	10.0003	0.000488949	
6610	0.97108	10.0002	0.000482231	
6620	0.96996	10.0004	0.000515402	
6630	0.96456	10.0002	0.000509678	
6640	0.95998	10.0002	0.000579531	
6650	0.96183	10.0004	0.000542439	
6660	0.96061	10.0004	0.000569329	
6670	0.96373	10.0004	0.000550026	
6680	0.95601	10.0003	0.000585576	
6690	0.96209	10.0002	0.000557441	
6700	0.96657	10.0002	0.000570908	
6710	0.96035	10.0004	0.000552567	
6720	0.97007	10.0003	0.000473356	
6730	0.96601	10.0003	0.000541757	
6740	0.97114	10.0003	0.000503919	
6750	0.96495	10.0003	0.000526343	
6760	0.97171	10.0002	0.000493211	
6770	0.96728	10.0004	0.000564843	
6780	0.96304	10.0002	0.000544035	
6790	0.96783	10.0002	0.00045472	
6800	0.97011	10.0003	0.000497417	
6810	0.96276	10.0003	0.000532691	
6820	0.97057	10.0002	0.000467347	
6830	0.96892	10.0002	0.000482922	
6840	0.96823	10.0003	0.000495495	
6850	0.96841	10.0004	0.000512302	
6860	0.95741	10.0003	0.000583172	
6870	0.96805	10.0004	0.000502479	
6880	0.96926	10.0002	0.000509377	
6890	0.96677	10.0002	0.000532838	
6900	0.97033	10.0004	0.000538174	
6910	0.97105	10.0004	0.000503501	
6920	0.96445	10.0004	0.000499155	
6930	0.96789	10.0005	0.000493291	
6940	0.96531	10.0002	0.000534885	
6950	0.96236	10.0003	0.000575464	
6960	0.9647	10.0004	0.000524472	
6970	0.96924	10.0002	0.000500305	
6980	0.96777	10.0002	0.000505577	
6990	0.97266	10.0002	0.00045056	
7000	0.9621	10.0003	0.000572447	
7010	0.96747	10.0003	0.000515079	
7020	0.96162	10.0003	0.000581853	
7030	0.9624	10.0003	0.000600249	
7040	0.9642	10.0002	0.000533267	
7050	0.96574	10.0002	0.000528135	
7060	0.96585	10.0002	0.000537077	
7070	0.96475	10.0001	0.000534584	
7080	0.96709	10.0003	0.000504282	
7090	0.95901	10.0002	0.00058386	
7100	0.96296	10.0002	0.00053021	
7110	0.958	10.0004	0.000587845	
7120	0.96697	10.0003	0.000518167	
7130	0.97073	10.0002	0.000492775	
7140	0.96898	10.0002	0.000495534	
7150	0.96484	10.0003	0.000516289	
7160	0.95769	10.0002	0.000567685	
7170	0.96383	10.0004	0.000494183	
7180	0.96881	10.0003	0.000575772	
7190	0.96176	10.0003	0.000562776	
7200	0.9668	10.0002	0.000522079	
7210	0.96399	10.0004	0.000580945	
7220	0.95711	10.0002	0.000552238	
7230	0.96696	10.0003	0.00048237	
7240	0.96197	10.0003	0.000557675	
7250	0.96427	10.0003	0.000559506	
7260	0.97367	10.0003	0.000471556	
7270	0.96766	10.0002	0.0005359	
7280	0.96729	10.0004	0.000534923	
7290	0.9593	10.0002	0.000574576	
7300	0.96141	10.0002	0.00055665	
7310	0.96206	10.0003	0.00053351	
7320	0.96901	10.0002	0.000494575	
7330	0.96735	10.0002	0.000502424	
7340	0.97173	10.0003	0.000410058	
7350	0.96669	10.0003	0.00048493	
7360	0.96743	10.0004	0.000506593	
7370	0.96761	10.0002	0.00053794	
7380	0.96961	10.0003	0.000512815	
7390	0.9622	10.0002	0.000634014	
7400	0.95838	10.0004	0.000536902	
7410	0.96673	10.0002	0.000564429	
7420	0.95807	10.0003	0.000590851	
7430	0.96787	10.0003	0.000506565	
7440	0.96954	10.0003	0.000503178	
7450	0.96247	10.0003	0.000550471	
7460	0.96109	10.0002	0.000577907	
7470	0.95841	10.0003	0.000606173	
7480	0.97106	10.0002	0.000460708	
7490	0.96472	10.0003	0.000538162	
7500	0.9745	10.0005	0.000442449	
7510	0.97314	10.0002	0.000447009	
7520	0.96035	10.0001	0.000548966	
7530	0.95951	10.0002	0.000588502	
7540	0.96665	10.0001	0.000556293	
7550	0.96506	10.0002	0.00053143	
7560	0.96538	10.0001	0.000512066	
7570	0.96126	10.0002	0.000564178	
7580	0.96078	10.0004	0.000495009	
7590	0.96122	10.0002	0.000580547	
7600	0.96029	10.0003	0.000547334	
7610	0.96505	10.0002	0.000499503	
7620	0.96815	10.0003	0.000500955	
7630	0.96432	10.0002	0.000576992	
7640	0.96631	10.0003	0.00050314	
7650	0.96904	10.0003	0.000515645	
7660	0.96809	10.0002	0.000518115	
7670	0.96325	10.0002	0.000595322	
7680	0.96586	10.0003	0.000545416	
7690	0.96113	10.0003	0.00055747	
7700	0.96513	10.0003	0.000530366	
7710	0.95444	10.0002	0.000619082	
7720	0.95818	10.0002	0.000578023	
7730	0.96083	10.0004	0.000585462	
7740	0.96663	10.0004	0.000542717	
7750	0.96708	10.0004	0.000500753	
7760	0.96359	10.0003	0.000519141	
7770	0.96064	10.0002	0.000563813	
7780	0.96006	10.0004	0.000576795	
7790	0.96398	10.0003	0.000533787	
7800	0.96321	10.0004	0.0005546	
7810	0.96045	10.0002	0.000543558	
7820	0.96316	10.0002	0.000553301	
7830	0.96747	10.0003	0.000500706	
7840	0.96106	10.0003	0.000588884	
7850	0.96438	10.0003	0.000534125	
7860	0.96386	10.0003	0.000534274	
7870	0.96051	10.0002	0.000547807	
7880	0.95839	10.0004	0.000556276	
7890	0.9648	10.0003	0.000554476	
7900	0.96855	10.0003	0.000487395	
7910	0.95997	10.0002	0.000555783	
7920	0.96309	10.0003	0.000558286	
7930	0.96289	10.0002	0.000595872	
7940	0.96343	10.0003	0.000545369	
7950	0.96704	10.0002	0.000513517	
7960	0.96309	10.0002	0.000563563	
7970	0.96653	10.0002	0.000532188	
7980	0.97012	10.0003	0.000519871	
7990	0.9646	10.0002	0.000580884	
8000	0.9591	10.0003	0.000581936	
8010	0.96958	10.0001	0.000463159	
8020	0.96374	10.0005	0.000565562	
8030	0.95995	10.0002	0.000574879	
8040	0.96203	10.0002	0.000509655	
8050	0.96132	10.0001	0.000571153	
8060	0.95797	10.0003	0.000614214	
8070	0.95604	10.0003	0.000566408	
8080	0.96409	10.0002	0.000531468	
8090	0.96556	10.0003	0.000553	
8100	0.96748	10.0003	0.000539601	
8110	0.96164	10.0004	0.000595048	
8120	0.96411	10.0003	0.000530116	
8130	0.96919	10.0002	0.000552444	
8140	0.96692	10.0002	0.000516296	
8150	0.96843	10.0003	0.000463867	
8160	0.96639	10.0003	0.000529864	
8170	0.96952	10.0002	0.000491818	
8180	0.97016	10.0003	0.000469368	
8190	0.97047	10.0002	0.00052721	
8200	0.97122	10.0004	0.000508255	
8210	0.97318	10.0002	0.00047151	
8220	0.96924	10.0002	0.000498249	
8230	0.96587	10.0004	0.000548975	
8240	0.96472	10.0004	0.000524919	
8250	0.95967	10.0004	0.000592236	
8260	0.96772	10.0002	0.000494286	
8270	0.96668	10.0002	0.000515483	
8280	0.97097	10.0002	0.000472882	
8290	0.96663	10.0003	0.00051618	
8300	0.97226	10.0002	0.000464767	
8310	0.96067	10.0001	0.000574469	
8320	0.96874	10.0002	0.000444629	
8330	0.96228	10.0002	0.000559727	
8340	0.96277	10.0004	0.000535491	
8350	0.96502	10.0003	0.00053199	
8360	0.97218	10.0002	0.000465257	
8370	0.96708	10.0002	0.000513017	
8380	0.96434	10.0001	0.000567908	
8390	0.97	10.0001	0.000477644	
8400	0.97236	10.0003	0.000448453	
8410	0.96844	10.0005	0.000514911	
8420	0.96441	10.0001	0.00052814	
8430	0.9587	10.0003	0.000596658	
8440	0.96471	10.0002	0.000478555	
8450	0.96249	10.0004	0.000555153	
8460	0.96819	10.0003	0.000524179	
8470	0.95944	10.0003	0.000547653	
8480	0.96452	10.0002	0.000523152	
8490	0.95733	10.0002	0.000625401	
8500	0.96396	10.0003	0.000536163	
8510	0.97331	10.0002	0.000459021	
8520	0.9739	10.0002	0.000448125	
8530	0.96914	10.0004	0.000503594	
8540	0.96452	10.0002	0.00054771	
8550	0.96716	10.0004	0.000473622	
8560	0.95924	10.0002	0.000584339	
8570	0.96982	10.0004	0.000540568	
8580	0.97348	10.0002	0.000476158	
8590	0.96785	10.0004	0.000517239	
8600	0.96605	10.0002	0.000585605	
8610	0.96709	10.0004	0.000502306	
8620	0.96934	10.0003	0.000525752	
8630	0.96298	10.0001	0.000574665	
8640	0.96235	10.0001	0.00056024	
8650	0.96411	10.0002	0.000514703	
8660	0.96886	10.0003	0.000495379	
8670	0.96569	10.0002	0.000538844	
8680	0.95958	10.0001	0.000556707	
8690	0.96818	10.0002	0.000489645	
8700	0.96469	10.0003	0.000537421	
8710	0.96675	10.0002	0.000526432	
8720	0.97031	10.0003	0.000481419	
8730	0.97061	10.0002	0.0004463	
8740	0.9729	10.0003	0.000482432	
8750	0.97207	10.0002	0.000476207	
8760	0.96475	10.0001	0.000503962	
8770	0.96867	10.0003	0.000516133	
8780	0.96152	10.0004	0.000554544	
8790	0.96635	10.0003	0.00048519	
8800	0.9683	10.0002	0.000510066	
8810	0.96579	10.0003	0.000537015	
8820	0.96627	10.0002	0.000496751	
8830	0.96144	10.0002	0.000607841	
8840	0.96577	10.0003	0.000527887	
8850	0.96386	10.0002	0.000553046	
8860	0.95442	10.0003	0.000636863	
8870	0.96429	10.0002	0.000568309	
8880	0.96575	10.0002	0.000546068	
8890	0.96364	10.0003	0.000518943	
8900	0.96148	10.0002	0.000521385	
8910	0.96393	10.0002	0.000527103	
8920	0.9708	10.0003	0.000497081	
8930	0.96578	10.0003	0.000534728	
8940	0.96569	10.0004	0.000540483	
8950	0.96767	10.0003	0.000529195	
8960	0.96212	10.0003	0.000544239	
8970	0.95713	10.0004	0.000566272	
8980	0.96146	10.0003	0.000550134	
8990	0.94902	10.0003	0.000619698	
9000	0.96604	10.0002	0.000514162	
9010	0.96802	10.0005	0.000517861	
9020	0.96814	10.0003	0.000520267	
9030	0.96419	10.0002	0.000500955	
9040	0.96143	10.0003	0.000588114	
9050	0.96478	10.0002	0.000540688	
9060	0.96801	10.0002	0.000514433	
9070	0.96253	10.0002	0.000570589	
9080	0.96533	10.0003	0.000526969	
9090	0.96645	10.0004	0.000497622	
9100	0.96617	10.0003	0.000601659	
9110	0.9686	10.0003	0.000526265	
9120	0.97396	10.0003	0.000516263	
9130	0.97103	10.0002	0.000475117	
9140	0.9661	10.0002	0.000508527	
9150	0.96082	10.0001	0.000529264	
9160	0.96166	10.0004	0.000533853	
9170	0.96045	10.0003	0.000596053	
9180	0.95802	10.0001	0.000585756	
9190	0.96836	10.0002	0.000503388	
9200	0.96945	10.0003	0.000507678	
9210	0.97004	10.0004	0.000516658	
9220	0.9621	10.0004	0.000556617	
9230	0.95563	10.0002	0.000625217	
9240	0.96759	10.0002	0.00051739	
9250	0.9681	10.0002	0.000468038	
9260	0.9597	10.0003	0.000601144	
9270	0.96267	10.0001	0.000558145	
9280	0.96683	10.0002	0.000544723	
9290	0.96765	10.0002	0.000506606	
9300	0.96317	10.0002	0.00052998	
9310	0.96455	10.0004	0.000500193	
9320	0.96766	10.0002	0.00049622	
9330	0.97001	10.0002	0.000467962	
9340	0.96604	10.0003	0.000549225	
9350	0.96449	10.0003	0.000528835	
9360	0.96227	10.0003	0.000533016	
9370	0.97019	10.0002	0.000540565	
9380	0.96214	10.0004	0.000556458	
9390	0.96206	10.0003	0.000562577	
9400	0.96863	10.0003	0.000497823	
9410	0.97169	10.0003	0.000466066	
9420	0.9723	10.0002	0.000438523	
9430	0.96781	10.0002	0.000536281	
9440	0.97143	10.0005	0.000478353	
9450	0.96829	10.0003	0.000481889	
9460	0.96959	10.0003	0.000482361	
9470	0.9624	10.0003	0.000526961	
9480	0.96262	10.0002	0.000544062	
9490	0.96944	10.0002	0.000518098	
9500	0.97398	10.0002	0.00045108	
9510	0.97334	10.0002	0.000483073	
9520	0.96336	10.0004	0.000551852	
9530	0.96595	10.0003	0.000531789	
9540	0.97435	10.0002	0.000430019	
9550	0.97421	10.0002	0.000458968	
9560	0.97268	10.0002	0.000480291	
9570	0.96373	10.0003	0.00049706	
9580	0.9662	10.0003	0.000515508	
9590	0.96879	10.0002	0.000464292	
9600	0.96595	10.0003	0.000544254	
9610	0.96748	10.0003	0.000541467	
9620	0.96705	10.0002	0.000492284	
9630	0.96392	10.0002	0.000525294	
9640	0.96503	10.0003	0.000529683	
9650	0.96645	10.0003	0.000441359	
9660	0.9671	10.0004	0.00051729	
9670	0.9622	10.0002	0.000597034	
9680	0.96109	10.0003	0.000532891	
9690	0.96813	10.0003	0.000505038	
9700	0.9601	10.0004	0.000528581	
9710	0.95882	10.0002	0.000600386	
9720	0.96221	10.0003	0.000588756	
9730	0.96657	10.0002	0.000514195	
9740	0.96421	10.0003	0.000555321	
9750	0.96479	10.0002	0.000555881	
9760	0.9624	10.0002	0.000556623	
9770	0.96535	10.0003	0.000482211	
9780	0.96718	10.0003	0.000521011	
9790	0.96341	10.0002	0.000525092	
9800	0.9742	10.0003	0.000435351	
9810	0.9717	10.0003	0.000461568	
9820	0.96697	10.0002	0.000542445	
9830	0.96475	10.0003	0.00053319	
9840	0.96703	10.0003	0.000515134	
9850	0.96222	10.0003	0.000559456	
9860	0.96415	10.0003	0.000548489	
9870	0.96623	10.0003	0.000554399	
9880	0.95859	10.0002	0.000629108	
9890	0.95672	10.0002	0.00054975	
9900	0.96354	10.0001	0.000552897	
9910	0.95599	10.0003	0.00059437	
9920	0.96396	10.0002	0.000541202	
9930	0.9651	10.0002	0.00051316	
9940	0.96286	10.0003	0.000552777	
9950	0.96416	10.0002	0.000523749	
9960	0.96248	10.0002	0.000545901	
9970	0.95522	10.0003	0.000592926	
9980	0.95795	10.0001	0.000558344	
9990	0.9615	10.0002	0.00056324	
